0 0
32 0
64 0
96 0
128 0
160 0
192 0
224 0
256 0
288 0
320 0
352 0
384 0
416 0
448 0
480 0
512 0
544 0
576 0
608 0
640 0
672 0
704 0
736 0
768 0
800 0
832 0
864 0
896 0
928 0
960 0
992 0
1024 0
1056 0
1088 0
1120 0
1152 0
1184 0
1216 0
1248 0
1280 0
1312 0
1344 0
1376 0
1408 0
1440 0
1472 0
1504 0
1536 0
1568 0
1600 0
1632 0
1664 0
1696 0
1728 0
1760 0
1792 0
1824 0
1856 0
1888 0
1920 0
1952 0
1984 0
2016 0
2048 0
2080 0
2112 0
2144 0
2176 0
2208 0
2240 0
2272 0
2304 0
2336 0
2368 0
2400 0
2432 0
2464 0
2496 0
2528 0
2560 0
2592 0
2624 0
2656 0
2688 0
2720 0
2752 0
2784 0
2816 0
2848 0
2880 0
2912 0
2944 0
2976 0
3008 0
3040 0
3072 0
3104 0
3136 0
3168 0
3200 0
3232 0
3264 0
3296 0
3328 0
3360 0
3392 0
3424 0
3456 0
3488 0
3520 0
3552 0
3584 0
3616 0
3648 0
3680 0
3712 0
3744 0
3776 0
3808 0
3840 0
3872 0
3904 0
3936 0
3968 0
4000 0
4032 0
4064 0
4096 0
4128 0
4160 0
4192 0
4224 0
4256 0
4288 0
4320 0
4352 0
4384 0
4416 0
4448 0
4480 0
4512 0
4544 0
4576 0
4608 0
4640 0
4672 0
4704 0
4736 0
4768 0
4800 0
4832 0
4864 0
4896 0
4928 0
4960 0
4992 0
5024 0
5056 0
5088 0
5120 0
5152 0
5184 0
5216 0
5248 0
5280 0
5312 0
5344 0
5376 0
5408 0
5440 0
5472 0
5504 0
5536 0
5568 0
5600 0
5632 0
5664 0
5696 0
5728 0
5760 0
5792 0
5824 0
5856 0
5888 0
5920 0
5952 0
5984 0
6016 0
6048 0
6080 0
6112 0
6144 0
6176 0
6208 0
6240 0
6272 0
6304 0
6336 0
6368 0
6400 0
6432 0
6464 0
6496 0
6528 0
6560 0
6592 0
6624 0
6656 0
6688 0
6720 0
6752 0
6784 0
6816 0
6848 0
6880 0
6912 0
6944 0
6976 0
7008 0
7040 0
7072 0
7104 0
7136 0
7168 0
7200 0
7232 0
7264 0
7296 0
7328 0
7360 0
7392 0
7424 0
7456 0
7488 0
7520 0
7552 0
7584 0
7616 0
7648 0
7680 0
7712 0
7744 0
7776 0
7808 0
7840 0
7872 0
7904 0
7936 0
7968 0
8000 0
8032 0
8064 0
8096 0
8128 0
8160 0
8192 0
8224 0
8256 0
8288 0
8320 0
8352 0
8384 0
8416 0
8448 0
8480 0
8512 0
8544 0
8576 0
8608 0
8640 0
8672 0
8704 0
8736 0
8768 0
8800 0
8832 0
8864 0
8896 0
8928 0
8960 0
8992 0
9024 0
9056 0
9088 0
9120 0
9152 0
9184 0
9216 0
9248 0
9280 0
9312 19
9344 130
9376 224
9408 1857
9440 2774
9472 4029
9504 5931
9536 6629
9568 6655
9600 6655
9632 6655
9664 6656
9696 6656
9728 6657
9760 6657
9792 6657
9824 6657
9856 6657
9888 6657
9920 6658
9952 6658
9984 6658
10016 6658
10048 6658
10080 6658
10112 6658
10144 6658
10176 6658
10208 6658
10240 6658
10272 6658
10304 6659
10336 6659
10368 6659
10400 6659
10432 6659
10464 6659
10496 6659
10528 6659
10560 6659
10592 6659
10624 6659
10656 6659
10688 6659
10720 6659
10752 6659
10784 6659
10816 6659
10848 6659
10880 6659
10912 6659
10944 6659
10976 6660
11008 6670
11040 6732
11072 7000
11104 7018
11136 7020
11168 7028
11200 7044
11232 7056
11264 7066
11296 7093
11328 7115
11360 7132
11392 7158
11424 7200
11456 7242
11488 7304
11520 7369
11552 7430
11584 7479
11616 7511
11648 7548
11680 7588
11712 7626
11744 7652
11776 7683
11808 7708
11840 7729
11872 7741
11904 7762
11936 7772
11968 7780
12000 7792
12032 7800
12064 7805
12096 7810
12128 7816
12160 7825
12192 7832
12224 7838
12256 7841
12288 7844
12320 7848
12352 7850
12384 7850
12416 7853
12448 7856
12480 7857
12512 7861
12544 7863
12576 7866
12608 7869
12640 7872
12672 7874
12704 7879
12736 7884
12768 7889
12800 7894
12832 7903
12864 7915
12896 7928
12928 7951
12960 7976
12992 8007
13024 8060
13056 8101
13088 8135
13120 8169
13152 8222
13184 8306
13216 8441
13248 8620
13280 8845
13312 9070
13344 9295
13376 9502
13408 9726
13440 9904
13472 10042
13504 10159
13536 10224
13568 10295
13600 10343
13632 10382
13664 10405
13696 10423
13728 10430
13760 10437
13792 10443
13824 10445
13856 10449
13888 10449
13920 10453
13952 10453
13984 10454
14016 10454
14048 10456
14080 10457
14112 10458
14144 10458
14176 10459
14208 10460
14240 10460
14272 10460
14304 10461
14336 10461
14368 10461
14400 10461
14432 10461
14464 10461
14496 10461
14528 10461
14560 10461
14592 10461
14624 10461
14656 10461
14688 10461
14720 10461
14752 10462
14784 10462
14816 10465
14848 10475
14880 10487
14912 10510
14944 10543
14976 10580
15008 10635
15040 10705
15072 10805
15104 10915
15136 11038
15168 11161
15200 11285
15232 11428
15264 11590
15296 11772
15328 11943
15360 12094
15392 12208
15424 12327
15456 12447
15488 12551
15520 12669
15552 12756
15584 12827
15616 12882
15648 12929
15680 12968
15712 13011
15744 13028
15776 13054
15808 13072
15840 13092
15872 13105
15904 13125
15936 13145
15968 13164
16000 13177
16032 13198
16064 13210
16096 13220
16128 13231
16160 13248
16192 13257
16224 13265
16256 13273
16288 13279
16320 13284
16352 13291
16384 13293
16416 13295
16448 13298
16480 13300
16512 13303
16544 13303
16576 13304
16608 13305
16640 13306
16672 13306
16704 13306
16736 13306
16768 13306
16800 13306
16832 13306
16864 13306
16896 13306
16928 13306
16960 13306
16992 13306
17024 13306
17056 13306
17088 13306
17120 13306
17152 13306
17184 13306
17216 13306
17248 13306
17280 13306
17312 13306
17344 13306
17376 13306
17408 13306
17440 13306
17472 13306
17504 13306
17536 13306
17568 13306
17600 13306
17632 13306
17664 13306
17696 13306
17728 13306
17760 13306
17792 13306
17824 13306
17856 13306
17888 13306
17920 13306
17952 13306
17984 13306
18016 13306
18048 13306
18080 13306
18112 13306
18144 13306
18176 13306
18208 13306
18240 13306
18272 13306
18304 13306
18336 13306
18368 13306
18400 13306
18432 13306
18464 13306
18496 13306
18528 13306
18560 13306
18592 13306
18624 13306
18656 13306
18688 13306
18720 13306
18752 13306
18784 13306
18816 13306
18848 13309
18880 13316
18912 13330
18944 13341
18976 13352
19008 13368
19040 13389
19072 13423
19104 13483
19136 13520
19168 13538
19200 13566
19232 13600
19264 13621
19296 13635
19328 13643
19360 13669
19392 13709
19424 13756
19456 13799
19488 13853
19520 13901
19552 13940
19584 13980
19616 14024
19648 14075
19680 14153
19712 14238
19744 14352
19776 14477
19808 14574
19840 14678
19872 14784
19904 14888
19936 14994
19968 15114
20000 15269
20032 15434
20064 15630
20096 15829
20128 16026
20160 16219
20192 16448
20224 16716
20256 16990
20288 17305
20320 17617
20352 17904
20384 18210
20416 18550
20448 18925
20480 19364
20512 19821
20544 20365
20576 20952
20608 21647
20640 22436
20672 23453
20704 25263
20736 28670
20768 34455
20800 44800
20832 62916
20864 98752
20896 157310
20928 252298
20960 378949
20992 528566
21024 705320
21056 911804
21088 1210023
21120 1645072
21152 2286829
21184 3221242
21216 4307283
21248 5595441
21280 6975062
21312 8406584
21344 9771322
21376 10913097
21408 11944063
21440 12763691
21472 13476596
21504 14122643
21536 14710642
21568 15295310
21600 15826774
21632 16344157
21664 16793709
21696 17186682
21728 17562508
21760 17869147
21792 18150394
21824 18406756
21856 18636356
21888 18851083
21920 19039084
21952 19211300
21984 19351907
22016 19485868
22048 19611940
22080 19701904
22112 19766029
22144 19810531
22176 19843076
22208 19868059
22240 19887570
22272 19905276
22304 19919241
22336 19929567
22368 19936324
22400 19940213
22432 19942674
22464 19944184
22496 19945415
22528 19946258
22560 19946875
22592 19947359
22624 19947720
22656 19948035
22688 19948312
22720 19948540
22752 19948768
22784 19948944
22816 19949096
22848 19949244
22880 19949393
22912 19949531
22944 19949656
22976 19949792
23008 19949924
23040 19950044
23072 19950158
23104 19950280
23136 19950395
23168 19950493
23200 19950606
23232 19950713
23264 19950829
23296 19950953
23328 19951061
23360 19951165
23392 19951273
23424 19951383
23456 19951487
23488 19951587
23520 19951692
23552 19951775
23584 19951864
23616 19951953
23648 19952061
23680 19952170
23712 19952268
23744 19952365
23776 19952459
23808 19952555
23840 19952655
23872 19952741
23904 19952832
23936 19952917
23968 19952995
24000 19953082
24032 19953162
24064 19953260
24096 19953340
24128 19953439
24160 19953536
24192 19953622
24224 19953709
24256 19953797
24288 19953886
24320 19953968
24352 19954057
24384 19954158
24416 19954241
24448 19954322
24480 19954410
24512 19954499
24544 19954587
24576 19954654
24608 19954740
24640 19954831
24672 19954916
24704 19955002
24736 19955076
24768 19955152
24800 19955236
24832 19955323
24864 19955399
24896 19955479
24928 19955532
24960 19955621
24992 19955699
25024 19955775
25056 19955846
25088 19955921
25120 19955987
25152 19956057
25184 19956134
25216 19956200
25248 19956266
25280 19956339
25312 19956413
25344 19956487
25376 19956546
25408 19956619
25440 19956670
25472 19956744
25504 19956797
25536 19956849
25568 19956907
25600 19956964
25632 19957022
25664 19957079
25696 19957119
25728 19957192
25760 19957246
25792 19957309
25824 19957361
25856 19957434
25888 19957481
25920 19957526
25952 19957569
25984 19957623
26016 19957685
26048 19957727
26080 19957774
26112 19957834
26144 19957882
26176 19957937
26208 19957994
26240 19958047
26272 19958109
26304 19958166
26336 19958212
26368 19958276
26400 19958337
26432 19958392
26464 19958445
26496 19958492
26528 19958550
26560 19958601
26592 19958640
26624 19958698
26656 19958760
26688 19958820
26720 19958868
26752 19958929
26784 19958976
26816 19959028
26848 19959076
26880 19959123
26912 19959187
26944 19959240
26976 19959296
27008 19959361
27040 19959412
27072 19959463
27104 19959510
27136 19959571
27168 19959609
27200 19959658
27232 19959697
27264 19959739
27296 19959775
27328 19959821
27360 19959874
27392 19959914
27424 19959965
27456 19960002
27488 19960051
27520 19960098
27552 19960140
27584 19960179
27616 19960231
27648 19960255
27680 19960298
27712 19960350
27744 19960389
27776 19960438
27808 19960474
27840 19960522
27872 19960564
27904 19960609
27936 19960654
27968 19960687
28000 19960728
28032 19960771
28064 19960816
28096 19960868
28128 19960914
28160 19960957
28192 19961000
28224 19961048
28256 19961093
28288 19961137
28320 19961183
28352 19961223
28384 19961270
28416 19961321
28448 19961364
28480 19961407
28512 19961446
28544 19961501
28576 19961544
28608 19961595
28640 19961627
28672 19961672
28704 19961713
28736 19961756
28768 19961794
28800 19961846
28832 19961882
28864 19961928
28896 19961976
28928 19962002
28960 19962046
28992 19962095
29024 19962148
29056 19962190
29088 19962223
29120 19962269
29152 19962316
29184 19962360
29216 19962399
29248 19962448
29280 19962480
29312 19962512
29344 19962552
29376 19962591
29408 19962638
29440 19962680
29472 19962729
29504 19962775
29536 19962816
29568 19962850
29600 19962876
29632 19962905
29664 19962943
29696 19962989
29728 19963031
29760 19963067
29792 19963107
29824 19963145
29856 19963199
29888 19963231
29920 19963264
29952 19963319
29984 19963348
30016 19963388
30048 19963439
30080 19963486
30112 19963525
30144 19963576
30176 19963619
30208 19963651
30240 19963692
30272 19963730
30304 19963765
30336 19963794
30368 19963825
30400 19963860
30432 19963897
30464 19963928
30496 19963973
30528 19964014
30560 19964058
30592 19964104
30624 19964137
30656 19964175
30688 19964210
30720 19964241
30752 19964266
30784 19964310
30816 19964348
30848 19964392
30880 19964434
30912 19964473
30944 19964513
30976 19964546
31008 19964580
31040 19964614
31072 19964657
31104 19964692
31136 19964747
31168 19964787
31200 19964828
31232 19964862
31264 19964909
31296 19964952
31328 19964993
31360 19965043
31392 19965079
31424 19965117
31456 19965149
31488 19965189
31520 19965219
31552 19965255
31584 19965297
31616 19965333
31648 19965365
31680 19965407
31712 19965441
31744 19965480
31776 19965526
31808 19965573
31840 19965612
31872 19965651
31904 19965688
31936 19965718
31968 19965760
32000 19965802
32032 19965841
32064 19965887
32096 19965925
32128 19965983
32160 19966034
32192 19966076
32224 19966114
32256 19966156
32288 19966194
32320 19966244
32352 19966287
32384 19966327
32416 19966373
32448 19966406
32480 19966445
32512 19966478
32544 19966511
32576 19966545
32608 19966564
32640 19966596
32672 19966629
32704 19966669
32736 19966708
32768 19966736
32800 19966778
32832 19966818
32864 19966863
32896 19966890
32928 19966941
32960 19966970
32992 19967020
33024 19967050
33056 19967076
33088 19967108
33120 19967141
33152 19967173
33184 19967218
33216 19967246
33248 19967281
33280 19967316
33312 19967347
33344 19967387
33376 19967424
33408 19967463
33440 19967494
33472 19967536
33504 19967575
33536 19967611
33568 19967646
33600 19967684
33632 19967715
33664 19967743
33696 19967775
33728 19967804
33760 19967837
33792 19967858
33824 19967902
33856 19967943
33888 19967979
33920 19968001
33952 19968046
33984 19968094
34016 19968150
34048 19968177
34080 19968222
34112 19968260
34144 19968287
34176 19968331
34208 19968376
34240 19968417
34272 19968449
34304 19968494
34336 19968527
34368 19968572
34400 19968626
34432 19968661
34464 19968704
34496 19968744
34528 19968788
34560 19968833
34592 19968876
34624 19968925
34656 19968963
34688 19969018
34720 19969066
34752 19969114
34784 19969168
34816 19969211
34848 19969245
34880 19969283
34912 19969343
34944 19969390
34976 19969439
35008 19969470
35040 19969520
35072 19969566
35104 19969619
35136 19969665
35168 19969720
35200 19969772
35232 19969822
35264 19969859
35296 19969902
35328 19969946
35360 19970004
35392 19970047
35424 19970100
35456 19970145
35488 19970184
35520 19970257
35552 19970302
35584 19970356
35616 19970419
35648 19970483
35680 19970542
35712 19970582
35744 19970643
35776 19970722
35808 19970768
35840 19970827
35872 19970887
35904 19970948
35936 19971009
35968 19971060
36000 19971116
36032 19971173
36064 19971248
36096 19971323
36128 19971376
36160 19971436
36192 19971486
36224 19971542
36256 19971613
36288 19971676
36320 19971742
36352 19971805
36384 19971862
36416 19971923
36448 19971988
36480 19972046
36512 19972105
36544 19972163
36576 19972223
36608 19972287
36640 19972343
36672 19972395
36704 19972459
36736 19972505
36768 19972568
36800 19972621
36832 19972671
36864 19972729
36896 19972791
36928 19972843
36960 19972889
36992 19972945
37024 19973019
37056 19973075
37088 19973129
37120 19973178
37152 19973228
37184 19973290
37216 19973341
37248 19973389
37280 19973448
37312 19973498
37344 19973549
37376 19973596
37408 19973646
37440 19973693
37472 19973738
37504 19973786
37536 19973829
37568 19973886
37600 19973933
37632 19973985
37664 19974048
37696 19974095
37728 19974154
37760 19974213
37792 19974274
37824 19974336
37856 19974386
37888 19974427
37920 19974467
37952 19974518
37984 19974569
38016 19974628
38048 19974685
38080 19974740
38112 19974783
38144 19974840
38176 19974881
38208 19974950
38240 19974996
38272 19975057
38304 19975099
38336 19975147
38368 19975202
38400 19975244
38432 19975304
38464 19975345
38496 19975389
38528 19975437
38560 19975489
38592 19975528
38624 19975579
38656 19975628
38688 19975680
38720 19975738
38752 19975789
38784 19975829
38816 19975894
38848 19975941
38880 19975991
38912 19976042
38944 19976104
38976 19976161
39008 19976216
39040 19976270
39072 19976321
39104 19976380
39136 19976431
39168 19976492
39200 19976541
39232 19976597
39264 19976644
39296 19976704
39328 19976768
39360 19976829
39392 19976890
39424 19976937
39456 19977015
39488 19977068
39520 19977134
39552 19977198
39584 19977258
39616 19977325
39648 19977389
39680 19977445
39712 19977504
39744 19977570
39776 19977628
39808 19977682
39840 19977759
39872 19977828
39904 19977895
39936 19977964
39968 19978029
40000 19978094
40032 19978163
40064 19978226
40096 19978290
40128 19978360
40160 19978426
40192 19978484
40224 19978534
40256 19978603
40288 19978668
40320 19978742
40352 19978805
40384 19978869
40416 19978934
40448 19979003
40480 19979071
40512 19979145
40544 19979216
40576 19979282
40608 19979356
40640 19979417
40672 19979490
40704 19979557
40736 19979610
40768 19979683
40800 19979757
40832 19979825
40864 19979884
40896 19979962
40928 19980031
40960 19980100
40992 19980175
41024 19980231
41056 19980316
41088 19980376
41120 19980451
41152 19980511
41184 19980584
41216 19980654
41248 19980728
41280 19980798
41312 19980860
41344 19980931
41376 19980990
41408 19981072
41440 19981130
41472 19981202
41504 19981281
41536 19981346
41568 19981434
41600 19981504
41632 19981579
41664 19981666
41696 19981742
41728 19981814
41760 19981869
41792 19981950
41824 19982024
41856 19982100
41888 19982195
41920 19982272
41952 19982349
41984 19982418
42016 19982476
42048 19982553
42080 19982617
42112 19982688
42144 19982783
42176 19982850
42208 19982919
42240 19982989
42272 19983061
42304 19983140
42336 19983213
42368 19983295
42400 19983367
42432 19983447
42464 19983514
42496 19983581
42528 19983666
42560 19983745
42592 19983826
42624 19983898
42656 19983964
42688 19984050
42720 19984125
42752 19984208
42784 19984294
42816 19984373
42848 19984439
42880 19984522
42912 19984606
42944 19984676
42976 19984759
43008 19984847
43040 19984913
43072 19984989
43104 19985067
43136 19985152
43168 19985229
43200 19985318
43232 19985409
43264 19985491
43296 19985563
43328 19985636
43360 19985731
43392 19985814
43424 19985878
43456 19985970
43488 19986057
43520 19986135
43552 19986228
43584 19986299
43616 19986382
43648 19986455
43680 19986556
43712 19986641
43744 19986726
43776 19986803
43808 19986869
43840 19986946
43872 19987018
43904 19987096
43936 19987176
43968 19987261
44000 19987340
44032 19987420
44064 19987497
44096 19987584
44128 19987665
44160 19987749
44192 19987837
44224 19987930
44256 19988017
44288 19988090
44320 19988193
44352 19988289
44384 19988371
44416 19988448
44448 19988532
44480 19988605
44512 19988694
44544 19988787
44576 19988864
44608 19988954
44640 19989028
44672 19989100
44704 19989175
44736 19989262
44768 19989335
44800 19989419
44832 19989501
44864 19989594
44896 19989668
44928 19989744
44960 19989835
44992 19989922
45024 19990011
45056 19990088
45088 19990166
45120 19990264
45152 19990332
45184 19990401
45216 19990471
45248 19990563
45280 19990622
45312 19990711
45344 19990777
45376 19990847
45408 19990918
45440 19990994
45472 19991068
45504 19991153
45536 19991222
45568 19991294
45600 19991373
45632 19991454
45664 19991533
45696 19991612
45728 19991695
45760 19991767
45792 19991829
45824 19991894
45856 19991968
45888 19992043
45920 19992108
45952 19992189
45984 19992260
46016 19992331
46048 19992397
46080 19992459
46112 19992533
46144 19992592
46176 19992657
46208 19992724
46240 19992801
46272 19992867
46304 19992920
46336 19992981
46368 19993053
46400 19993104
46432 19993166
46464 19993226
46496 19993287
46528 19993355
46560 19993416
46592 19993488
46624 19993558
46656 19993627
46688 19993687
46720 19993753
46752 19993817
46784 19993884
46816 19993957
46848 19994020
46880 19994087
46912 19994156
46944 19994203
46976 19994267
47008 19994315
47040 19994377
47072 19994445
47104 19994504
47136 19994554
47168 19994612
47200 19994653
47232 19994705
47264 19994766
47296 19994828
47328 19994878
47360 19994930
47392 19994982
47424 19995047
47456 19995105
47488 19995156
47520 19995210
47552 19995252
47584 19995319
47616 19995371
47648 19995426
47680 19995474
47712 19995524
47744 19995573
47776 19995637
47808 19995685
47840 19995743
47872 19995787
47904 19995827
47936 19995877
47968 19995923
48000 19995980
48032 19996029
48064 19996083
48096 19996134
48128 19996175
48160 19996224
48192 19996278
48224 19996313
48256 19996348
48288 19996400
48320 19996445
48352 19996481
48384 19996534
48416 19996577
48448 19996629
48480 19996665
48512 19996709
48544 19996761
48576 19996802
48608 19996835
48640 19996874
48672 19996919
48704 19996963
48736 19996996
48768 19997047
48800 19997088
48832 19997123
48864 19997159
48896 19997199
48928 19997241
48960 19997271
48992 19997308
49024 19997342
49056 19997370
49088 19997421
49120 19997448
49152 19997478
49184 19997502
49216 19997535
49248 19997573
49280 19997596
49312 19997623
49344 19997658
49376 19997694
49408 19997726
49440 19997751
49472 19997786
49504 19997815
49536 19997853
49568 19997876
49600 19997916
49632 19997945
49664 19997973
49696 19997996
49728 19998026
49760 19998051
49792 19998085
49824 19998111
49856 19998138
49888 19998166
49920 19998180
49952 19998202
49984 19998227
50016 19998259
50048 19998288
50080 19998306
50112 19998331
50144 19998350
50176 19998377
50208 19998402
50240 19998422
50272 19998453
50304 19998468
50336 19998488
50368 19998507
50400 19998543
50432 19998563
50464 19998586
50496 19998602
50528 19998614
50560 19998628
50592 19998651
50624 19998667
50656 19998687
50688 19998701
50720 19998724
50752 19998741
50784 19998767
50816 19998789
50848 19998815
50880 19998836
50912 19998853
50944 19998868
50976 19998878
51008 19998892
51040 19998915
51072 19998929
51104 19998944
51136 19998962
51168 19998975
51200 19998987
51232 19999009
51264 19999025
51296 19999037
51328 19999047
51360 19999062
51392 19999070
51424 19999080
51456 19999097
51488 19999115
51520 19999134
51552 19999143
51584 19999162
51616 19999169
51648 19999177
51680 19999195
51712 19999208
51744 19999219
51776 19999233
51808 19999243
51840 19999263
51872 19999271
51904 19999282
51936 19999294
51968 19999312
52000 19999319
52032 19999334
52064 19999343
52096 19999355
52128 19999366
52160 19999379
52192 19999393
52224 19999400
52256 19999410
52288 19999426
52320 19999436
52352 19999444
52384 19999456
52416 19999464
52448 19999472
52480 19999482
52512 19999485
52544 19999495
52576 19999506
52608 19999516
52640 19999525
52672 19999533
52704 19999543
52736 19999552
52768 19999561
52800 19999568
52832 19999577
52864 19999583
52896 19999591
52928 19999599
52960 19999603
52992 19999609
53024 19999617
53056 19999620
53088 19999631
53120 19999640
53152 19999641
53184 19999645
53216 19999649
53248 19999656
53280 19999662
53312 19999668
53344 19999676
53376 19999680
53408 19999685
53440 19999689
53472 19999696
53504 19999703
53536 19999705
53568 19999713
53600 19999719
53632 19999725
53664 19999728
53696 19999738
53728 19999743
53760 19999745
53792 19999749
53824 19999758
53856 19999761
53888 19999764
53920 19999765
53952 19999774
53984 19999777
54016 19999778
54048 19999780
54080 19999785
54112 19999790
54144 19999793
54176 19999796
54208 19999797
54240 19999797
54272 19999799
54304 19999802
54336 19999804
54368 19999806
54400 19999808
54432 19999811
54464 19999813
54496 19999816
54528 19999821
54560 19999821
54592 19999822
54624 19999825
54656 19999829
54688 19999836
54720 19999837
54752 19999839
54784 19999843
54816 19999847
54848 19999851
54880 19999853
54912 19999856
54944 19999857
54976 19999859
55008 19999861
55040 19999863
55072 19999867
55104 19999873
55136 19999874
55168 19999877
55200 19999880
55232 19999884
55264 19999888
55296 19999889
55328 19999892
55360 19999893
55392 19999895
55424 19999897
55456 19999898
55488 19999898
55520 19999899
55552 19999900
55584 19999900
55616 19999901
55648 19999902
55680 19999907
55712 19999909
55744 19999909
55776 19999913
55808 19999913
55840 19999914
55872 19999916
55904 19999917
55936 19999920
55968 19999920
56000 19999921
56032 19999921
56064 19999923
56096 19999923
56128 19999925
56160 19999927
56192 19999927
56224 19999928
56256 19999930
56288 19999933
56320 19999934
56352 19999934
56384 19999936
56416 19999937
56448 19999940
56480 19999942
56512 19999942
56544 19999943
56576 19999943
56608 19999945
56640 19999946
56672 19999946
56704 19999946
56736 19999946
56768 19999948
56800 19999948
56832 19999950
56864 19999950
56896 19999951
56928 19999952
56960 19999952
56992 19999952
57024 19999953
57056 19999953
57088 19999954
57120 19999955
57152 19999955
57184 19999957
57216 19999958
57248 19999958
57280 19999958
57312 19999959
57344 19999959
57376 19999960
57408 19999961
57440 19999963
57472 19999963
57504 19999963
57536 19999963
57568 19999963
57600 19999964
57632 19999965
57664 19999965
57696 19999966
57728 19999966
57760 19999966
57792 19999966
57824 19999966
57856 19999966
57888 19999966
57920 19999967
57952 19999967
57984 19999967
58016 19999968
58048 19999968
58080 19999969
58112 19999969
58144 19999969
58176 19999969
58208 19999970
58240 19999970
58272 19999970
58304 19999970
58336 19999971
58368 19999971
58400 19999971
58432 19999972
58464 19999972
58496 19999972
58528 19999972
58560 19999972
58592 19999972
58624 19999972
58656 19999973
58688 19999974
58720 19999974
58752 19999974
58784 19999975
58816 19999976
58848 19999976
58880 19999976
58912 19999977
58944 19999977
58976 19999978
59008 19999979
59040 19999979
59072 19999980
59104 19999980
59136 19999980
59168 19999980
59200 19999980
59232 19999980
59264 19999980
59296 19999980
59328 19999980
59360 19999980
59392 19999980
59424 19999981
59456 19999981
59488 19999981
59520 19999982
59552 19999983
59584 19999984
59616 19999984
59648 19999984
59680 19999984
59712 19999985
59744 19999985
59776 19999985
59808 19999986
59840 19999987
59872 19999987
59904 19999987
59936 19999987
59968 19999987
60000 19999987
60032 19999987
60064 19999988
60096 19999988
60128 19999988
60160 19999988
60192 19999988
60224 19999988
60256 19999988
60288 19999988
60320 19999988
60352 19999988
60384 19999988
60416 19999988
60448 19999990
60480 19999990
60512 19999990
60544 19999990
60576 19999990
60608 19999990
60640 19999990
60672 19999990
60704 19999991
60736 19999991
60768 19999991
60800 19999991
60832 19999991
60864 19999991
60896 19999991
60928 19999992
60960 19999992
60992 19999992
61024 19999992
61056 19999992
61088 19999993
61120 19999993
61152 19999993
61184 19999995
61216 19999995
61248 19999995
61280 19999995
61312 19999995
61344 19999995
61376 19999995
61408 19999995
61440 19999995
61472 19999995
61504 19999995
61536 19999995
61568 19999995
61600 19999995
61632 19999995
61664 19999995
61696 19999995
61728 19999995
61760 19999995
61792 19999995
61824 19999995
61856 19999995
61888 19999995
61920 19999995
61952 19999995
61984 19999995
62016 19999995
62048 19999995
62080 19999995
62112 19999995
62144 19999995
62176 19999995
62208 19999995
62240 19999995
62272 19999995
62304 19999995
62336 19999995
62368 19999995
62400 19999995
62432 19999995
62464 19999995
62496 19999995
62528 19999996
62560 19999996
62592 19999996
62624 19999996
62656 19999997
62688 19999997
62720 19999997
62752 19999997
62784 19999997
62816 19999997
62848 19999997
62880 19999997
62912 19999997
62944 19999997
62976 19999997
63008 19999997
63040 19999997
63072 19999997
63104 19999997
63136 19999997
63168 19999997
63200 19999997
63232 19999997
63264 19999997
63296 19999997
63328 19999997
63360 19999997
63392 19999997
63424 19999997
63456 19999997
63488 19999997
63520 19999997
63552 19999997
63584 19999997
63616 19999997
63648 19999997
63680 19999997
63712 19999997
63744 19999997
63776 19999997
63808 19999997
63840 19999997
63872 19999997
63904 19999997
63936 19999997
63968 19999997
64000 19999997
64032 19999997
64064 19999997
64096 19999997
64128 19999997
64160 19999997
64192 19999997
64224 19999997
64256 19999997
64288 19999997
64320 19999997
64352 19999997
64384 19999997
64416 19999997
64448 19999997
64480 19999997
64512 19999997
64544 19999997
64576 19999997
64608 19999997
64640 19999997
64672 19999997
64704 19999997
64736 19999997
64768 19999997
64800 19999998
64832 19999998
64864 19999998
64896 19999998
64928 19999998
64960 19999998
64992 19999998
65024 19999998
65056 19999998
65088 19999998
65120 19999998
65152 19999998
65184 19999998
65216 19999998
65248 19999998
65280 19999998
65312 19999998
65344 19999998
65376 19999998
65408 19999998
65440 19999998
65472 19999998
65504 19999998
65536 19999998
65568 19999998
65600 19999998
65632 19999998
65664 19999998
65696 19999998
65728 19999998
65760 19999998
65792 19999998
65824 19999998
65856 19999998
65888 19999998
65920 19999998
65952 19999998
65984 19999998
66016 19999998
66048 19999998
66080 19999998
66112 19999998
66144 19999998
66176 19999998
66208 19999998
66240 19999998
66272 19999998
66304 19999998
66336 19999998
66368 19999998
66400 19999998
66432 19999998
66464 19999998
66496 19999999
66528 19999999
66560 19999999
66592 19999999
66624 19999999
66656 19999999
66688 19999999
66720 19999999
66752 19999999
66784 19999999
66816 19999999
66848 19999999
66880 19999999
66912 19999999
66944 19999999
66976 19999999
67008 19999999
67040 19999999
67072 19999999
67104 19999999
67136 19999999
67168 19999999
67200 19999999
67232 19999999
67264 19999999
67296 19999999
67328 19999999
67360 19999999
67392 19999999
67424 19999999
67456 19999999
67488 19999999
67520 19999999
67552 19999999
67584 19999999
67616 19999999
67648 19999999
67680 19999999
67712 19999999
67744 19999999
67776 19999999
67808 19999999
67840 19999999
67872 19999999
67904 19999999
67936 19999999
67968 19999999
68000 19999999
68032 19999999
68064 19999999
68096 19999999
68128 19999999
68160 19999999
68192 19999999
68224 19999999
68256 19999999
68288 19999999
68320 19999999
68352 19999999
68384 19999999
68416 19999999
68448 19999999
68480 19999999
68512 19999999
68544 19999999
68576 19999999
68608 19999999
68640 19999999
68672 19999999
68704 19999999
68736 19999999
68768 19999999
68800 19999999
68832 19999999
68864 19999999
68896 19999999
68928 19999999
68960 19999999
68992 19999999
69024 19999999
69056 19999999
69088 19999999
69120 19999999
69152 19999999
69184 19999999
69216 19999999
69248 19999999
69280 19999999
69312 19999999
69344 19999999
69376 19999999
69408 19999999
69440 19999999
69472 19999999
69504 19999999
69536 19999999
69568 19999999
69600 19999999
69632 19999999
69664 19999999
69696 19999999
69728 19999999
69760 19999999
69792 19999999
69824 19999999
69856 19999999
69888 19999999
69920 19999999
69952 19999999
69984 19999999
70016 19999999
70048 19999999
70080 19999999
70112 19999999
70144 19999999
70176 19999999
70208 19999999
70240 19999999
70272 19999999
70304 19999999
70336 19999999
70368 19999999
70400 19999999
70432 19999999
70464 19999999
70496 19999999
70528 19999999
70560 19999999
70592 19999999
70624 19999999
70656 19999999
70688 19999999
70720 19999999
70752 19999999
70784 19999999
70816 19999999
70848 19999999
70880 19999999
70912 19999999
70944 19999999
70976 19999999
71008 19999999
71040 19999999
71072 19999999
71104 19999999
71136 19999999
71168 19999999
71200 19999999
71232 19999999
71264 19999999
71296 19999999
71328 19999999
71360 19999999
71392 19999999
71424 19999999
71456 19999999
71488 19999999
71520 19999999
71552 19999999
71584 19999999
71616 19999999
71648 19999999
71680 19999999
71712 19999999
71744 19999999
71776 19999999
71808 19999999
71840 19999999
71872 19999999
71904 19999999
71936 19999999
71968 19999999
72000 19999999
72032 19999999
72064 19999999
72096 19999999
72128 19999999
72160 19999999
72192 19999999
72224 19999999
72256 19999999
72288 19999999
72320 19999999
72352 19999999
72384 19999999
72416 19999999
72448 19999999
72480 19999999
72512 19999999
72544 19999999
72576 19999999
72608 19999999
72640 19999999
72672 19999999
72704 19999999
72736 19999999
72768 19999999
72800 19999999
72832 19999999
72864 19999999
72896 19999999
72928 19999999
72960 19999999
72992 19999999
73024 19999999
73056 19999999
73088 19999999
73120 19999999
73152 19999999
73184 19999999
73216 19999999
73248 19999999
73280 20000000
