0 0
256 0
512 0
768 0
1024 0
1280 0
1536 0
1792 0
2048 0
2304 0
2560 0
2816 0
3072 0
3328 0
3584 0
3840 0
4096 0
4352 0
4608 0
4864 0
5120 0
5376 0
5632 0
5888 0
6144 0
6400 0
6656 0
6912 0
7168 0
7424 0
7680 0
7936 0
8192 0
8448 0
8704 0
8960 0
9216 0
9472 7287
9728 11
9984 0
10240 2
10496 0
10752 0
11008 592
11264 105
11520 282
11776 556
12032 159
12288 75
12544 41
12800 32
13056 185
13312 1056
13568 1144
13824 149
14080 14
14336 3
14592 1
14848 45
15104 497
15360 893
15616 733
15872 485
16128 198
16384 39
16640 7
16896 0
17152 0
17408 0
17664 0
17920 0
18176 1
18432 0
18688 0
18944 0
19200 1
19456 22
19712 351
19968 912
20224 787
20480 403
20736 36349
20992 989414
21248 7506358
21504 6214185
21760 2511420
22016 1327284
22272 666531
22528 321031
22784 171523
23040 97253
23296 52367
23552 24995
23808 9527
24064 3038
24320 1056
24576 551
24832 454
25088 385
25344 361
25600 349
25856 316
26112 306
26368 292
26624 243
26880 223
27136 220
27392 219
27648 194
27904 193
28160 225
28416 241
28672 251
28928 251
29184 244
29440 229
29696 259
29952 282
30208 252
30464 245
30720 226
30976 228
31232 200
31488 193
31744 180
32000 179
32256 170
32512 149
32768 129
33024 140
33280 134
33536 134
33792 142
34048 141
34304 147
34560 126
34816 116
35072 116
35328 131
35584 107
35840 141
36096 148
36352 141
36608 140
36864 145
37120 133
37376 166
37632 147
37888 162
38144 201
38400 190
38656 203
38912 215
39168 201
39424 205
39680 239
39936 227
40192 225
40448 245
40704 250
40960 278
41216 263
41472 268
41728 327
41984 336
42240 308
42496 345
42752 381
43008 441
43264 390
43520 401
43776 506
44032 505
44288 495
44544 543
44800 492
45056 555
45312 522
45568 549
45824 567
46080 587
46336 605
46592 638
46848 624
47104 640
47360 668
47616 685
47872 704
48128 685
48384 692
48640 703
48896 676
49152 675
49408 659
49664 729
49920 628
50176 608
50432 600
50688 599
50944 584
51200 616
51456 606
51712 639
51968 617
52224 581
52480 578
52736 502
52992 490
53248 457
53504 453
53760 475
54016 438
54272 443
54528 425
54784 454
55040 394
55296 414
55552 335
55808 331
56064 373
56320 321
56576 319
56832 284
57088 286
57344 242
57600 260
57856 279
58112 239
58368 217
58624 226
58880 195
59136 197
59392 135
59648 162
59904 146
60160 142
60416 119
60672 125
60928 97
61184 94
61440 105
61696 89
61952 113
62208 88
62464 80
62720 77
62976 67
63232 75
63488 67
63744 58
64000 65
64256 59
64512 61
64768 51
65024 62
65280 47
65536 46
65792 35
66048 42
66304 35
66560 35
66816 36
67072 39
67328 24
67584 28
67840 32
68096 23
68352 25
68608 22
68864 20
69120 19
69376 10
69632 17
69888 19
70144 8
70400 13
70656 12
70912 13
71168 16
71424 14
71680 14
71936 9
72192 6
72448 4
72704 4
72960 6
73216 5
73472 6
73728 2
73984 7
74240 1
74496 3
74752 3
75008 1
75264 5
75520 3
75776 0
76032 1
76288 2
76544 1
76800 1
77056 1
77312 0
77568 0
77824 1
78080 2
78336 0
78592 1
78848 0
79104 0
79360 0
79616 0
79872 0
80128 0
80384 1
