0 0
32 0
64 0
96 0
128 0
160 0
192 0
224 0
256 0
288 0
320 0
352 0
384 0
416 0
448 0
480 0
512 0
544 0
576 0
608 0
640 0
672 0
704 0
736 0
768 0
800 0
832 0
864 0
896 0
928 0
960 0
992 0
1024 0
1056 0
1088 0
1120 0
1152 0
1184 0
1216 0
1248 0
1280 0
1312 0
1344 0
1376 0
1408 0
1440 0
1472 0
1504 0
1536 0
1568 0
1600 0
1632 0
1664 0
1696 0
1728 0
1760 0
1792 0
1824 0
1856 0
1888 0
1920 0
1952 0
1984 0
2016 0
2048 0
2080 0
2112 0
2144 0
2176 0
2208 0
2240 0
2272 0
2304 0
2336 0
2368 0
2400 0
2432 0
2464 0
2496 0
2528 0
2560 0
2592 0
2624 0
2656 0
2688 0
2720 0
2752 0
2784 0
2816 0
2848 0
2880 0
2912 0
2944 0
2976 0
3008 0
3040 0
3072 0
3104 0
3136 0
3168 0
3200 0
3232 0
3264 0
3296 0
3328 0
3360 0
3392 0
3424 0
3456 0
3488 0
3520 0
3552 0
3584 0
3616 0
3648 0
3680 0
3712 0
3744 0
3776 0
3808 0
3840 0
3872 0
3904 0
3936 0
3968 0
4000 0
4032 0
4064 0
4096 0
4128 0
4160 0
4192 0
4224 0
4256 0
4288 0
4320 0
4352 0
4384 0
4416 0
4448 0
4480 0
4512 0
4544 0
4576 0
4608 0
4640 0
4672 0
4704 0
4736 0
4768 0
4800 0
4832 0
4864 0
4896 0
4928 0
4960 0
4992 0
5024 0
5056 0
5088 0
5120 0
5152 0
5184 0
5216 0
5248 0
5280 0
5312 0
5344 0
5376 0
5408 0
5440 0
5472 0
5504 0
5536 0
5568 0
5600 0
5632 0
5664 0
5696 0
5728 0
5760 0
5792 0
5824 0
5856 0
5888 0
5920 0
5952 0
5984 0
6016 0
6048 0
6080 0
6112 0
6144 0
6176 0
6208 0
6240 0
6272 0
6304 0
6336 0
6368 0
6400 0
6432 0
6464 0
6496 0
6528 0
6560 0
6592 0
6624 0
6656 0
6688 0
6720 0
6752 0
6784 0
6816 0
6848 0
6880 0
6912 0
6944 0
6976 0
7008 0
7040 0
7072 0
7104 0
7136 0
7168 0
7200 0
7232 0
7264 0
7296 0
7328 0
7360 0
7392 0
7424 0
7456 0
7488 0
7520 0
7552 0
7584 0
7616 0
7648 0
7680 0
7712 0
7744 0
7776 0
7808 0
7840 0
7872 0
7904 0
7936 0
7968 0
8000 0
8032 0
8064 0
8096 0
8128 0
8160 0
8192 0
8224 0
8256 0
8288 0
8320 0
8352 0
8384 0
8416 0
8448 0
8480 0
8512 0
8544 0
8576 0
8608 0
8640 0
8672 0
8704 0
8736 0
8768 0
8800 0
8832 0
8864 0
8896 0
8928 0
8960 0
8992 0
9024 0
9056 0
9088 0
9120 0
9152 0
9184 0
9216 0
9248 0
9280 0
9312 23
9344 142
9376 278
9408 1636
9440 2477
9472 3880
9504 5830
9536 6528
9568 6570
9600 6572
9632 6572
9664 6572
9696 6573
9728 6573
9760 6573
9792 6573
9824 6573
9856 6573
9888 6573
9920 6573
9952 6573
9984 6573
10016 6573
10048 6573
10080 6573
10112 6573
10144 6573
10176 6573
10208 6573
10240 6573
10272 6573
10304 6573
10336 6573
10368 6573
10400 6573
10432 6573
10464 6573
10496 6573
10528 6573
10560 6573
10592 6573
10624 6573
10656 6573
10688 6573
10720 6573
10752 6573
10784 6573
10816 6573
10848 6573
10880 6573
10912 6574
10944 6574
10976 6574
11008 6574
11040 6576
11072 6583
11104 6583
11136 6583
11168 6584
11200 6587
11232 6596
11264 6660
11296 6830
11328 6945
11360 6976
11392 7005
11424 7090
11456 7129
11488 7139
11520 7154
11552 7159
11584 7173
11616 7190
11648 7197
11680 7204
11712 7212
11744 7220
11776 7221
11808 7224
11840 7230
11872 7233
11904 7238
11936 7242
11968 7245
12000 7247
12032 7249
12064 7251
12096 7255
12128 7258
12160 7266
12192 7270
12224 7277
12256 7281
12288 7287
12320 7291
12352 7295
12384 7301
12416 7307
12448 7311
12480 7321
12512 7328
12544 7338
12576 7351
12608 7366
12640 7382
12672 7396
12704 7414
12736 7437
12768 7463
12800 7488
12832 7506
12864 7534
12896 7561
12928 7589
12960 7623
12992 7667
13024 7731
13056 7788
13088 7828
13120 7859
13152 7897
13184 7938
13216 7986
13248 8050
13280 8128
13312 8214
13344 8327
13376 8446
13408 8579
13440 8703
13472 8851
13504 8992
13536 9121
13568 9247
13600 9359
13632 9468
13664 9562
13696 9684
13728 9778
13760 9845
13792 9915
13824 9967
13856 10020
13888 10066
13920 10101
13952 10130
13984 10155
14016 10173
14048 10192
14080 10214
14112 10230
14144 10242
14176 10246
14208 10253
14240 10263
14272 10269
14304 10275
14336 10276
14368 10280
14400 10284
14432 10287
14464 10289
14496 10289
14528 10291
14560 10291
14592 10293
14624 10296
14656 10299
14688 10311
14720 10323
14752 10347
14784 10371
14816 10409
14848 10468
14880 10527
14912 10582
14944 10622
14976 10679
15008 10732
15040 10812
15072 10907
15104 10999
15136 11096
15168 11169
15200 11253
15232 11325
15264 11400
15296 11456
15328 11508
15360 11567
15392 11616
15424 11670
15456 11724
15488 11774
15520 11838
15552 11894
15584 11948
15616 12015
15648 12074
15680 12155
15712 12209
15744 12280
15776 12376
15808 12460
15840 12544
15872 12618
15904 12685
15936 12733
15968 12780
16000 12833
16032 12870
16064 12909
16096 12950
16128 12986
16160 13011
16192 13037
16224 13056
16256 13067
16288 13081
16320 13086
16352 13094
16384 13102
16416 13107
16448 13112
16480 13117
16512 13120
16544 13124
16576 13128
16608 13131
16640 13131
16672 13131
16704 13131
16736 13131
16768 13131
16800 13131
16832 13131
16864 13131
16896 13132
16928 13132
16960 13132
16992 13132
17024 13132
17056 13132
17088 13132
17120 13132
17152 13132
17184 13132
17216 13132
17248 13132
17280 13132
17312 13132
17344 13132
17376 13132
17408 13132
17440 13132
17472 13132
17504 13132
17536 13132
17568 13132
17600 13132
17632 13132
17664 13132
17696 13132
17728 13132
17760 13132
17792 13133
17824 13133
17856 13133
17888 13133
17920 13133
17952 13133
17984 13133
18016 13133
18048 13134
18080 13134
18112 13135
18144 13135
18176 13135
18208 13135
18240 13136
18272 13136
18304 13136
18336 13136
18368 13136
18400 13136
18432 13136
18464 13136
18496 13136
18528 13136
18560 13136
18592 13136
18624 13136
18656 13136
18688 13136
18720 13136
18752 13136
18784 13136
18816 13138
18848 13143
18880 13152
18912 13169
18944 13180
18976 13185
19008 13187
19040 13191
19072 13204
19104 13240
19136 13364
19168 13524
19200 13610
19232 13673
19264 13760
19296 13894
19328 13979
19360 14069
19392 14171
19424 14263
19456 14358
19488 14464
19520 14579
19552 14679
19584 14759
19616 14847
19648 14944
19680 15061
19712 15141
19744 15235
19776 15303
19808 15379
19840 15449
19872 15522
19904 15577
19936 15623
19968 15684
20000 15732
20032 15772
20064 15813
20096 15865
20128 15908
20160 15946
20192 15983
20224 16021
20256 16058
20288 16106
20320 16154
20352 16208
20384 16270
20416 16336
20448 16400
20480 16494
20512 16620
20544 16754
20576 16896
20608 17071
20640 17329
20672 17705
20704 18428
20736 19566
20768 21362
20800 24379
20832 29286
20864 39166
20896 55197
20928 79182
20960 110251
20992 146742
21024 191614
21056 245959
21088 324759
21120 440159
21152 606507
21184 852028
21216 1159017
21248 1561094
21280 2040656
21312 2612811
21344 3258582
21376 3907774
21408 4613696
21440 5299035
21472 6011943
21504 6753848
21536 7497639
21568 8297979
21600 9063506
21632 9841820
21664 10571595
21696 11235858
21728 11900519
21760 12500237
21792 13088354
21824 13635795
21856 14140890
21888 14629715
21920 15056576
21952 15466365
21984 15835914
22016 16186253
22048 16520693
22080 16808592
22112 17080195
22144 17313488
22176 17528419
22208 17725188
22240 17897947
22272 18062288
22304 18202279
22336 18331660
22368 18446002
22400 18545557
22432 18640634
22464 18722556
22496 18800479
22528 18871450
22560 18935488
22592 18998143
22624 19053028
22656 19106984
22688 19156532
22720 19202808
22752 19247801
22784 19288631
22816 19329158
22848 19366179
22880 19402163
22912 19436616
22944 19468135
22976 19499898
23008 19528700
23040 19556626
23072 19583785
23104 19608208
23136 19632698
23168 19654775
23200 19676212
23232 19696546
23264 19715220
23296 19733853
23328 19750064
23360 19765822
23392 19780238
23424 19793501
23456 19806358
23488 19817681
23520 19828532
23552 19838179
23584 19846843
23616 19854665
23648 19861508
23680 19868038
23712 19873422
23744 19878519
23776 19883174
23808 19887003
23840 19890775
23872 19893828
23904 19896568
23936 19899096
23968 19901337
24000 19903455
24032 19905171
24064 19906880
24096 19908402
24128 19909726
24160 19911021
24192 19912225
24224 19913263
24256 19914297
24288 19915160
24320 19916049
24352 19916863
24384 19917700
24416 19918422
24448 19919145
24480 19919862
24512 19920563
24544 19921243
24576 19921865
24608 19922423
24640 19923048
24672 19923675
24704 19924232
24736 19924783
24768 19925361
24800 19925884
24832 19926421
24864 19926986
24896 19927439
24928 19927886
24960 19928330
24992 19928749
25024 19929195
25056 19929595
25088 19929996
25120 19930352
25152 19930731
25184 19931042
25216 19931385
25248 19931717
25280 19932019
25312 19932306
25344 19932568
25376 19932840
25408 19933115
25440 19933376
25472 19933622
25504 19933843
25536 19934052
25568 19934280
25600 19934464
25632 19934675
25664 19934868
25696 19935039
25728 19935206
25760 19935346
25792 19935506
25824 19935660
25856 19935799
25888 19935944
25920 19936075
25952 19936190
25984 19936305
26016 19936415
26048 19936535
26080 19936637
26112 19936744
26144 19936836
26176 19936918
26208 19937020
26240 19937109
26272 19937200
26304 19937281
26336 19937375
26368 19937452
26400 19937520
26432 19937593
26464 19937668
26496 19937728
26528 19937795
26560 19937858
26592 19937912
26624 19937978
26656 19938054
26688 19938119
26720 19938172
26752 19938226
26784 19938278
26816 19938335
26848 19938386
26880 19938445
26912 19938496
26944 19938556
26976 19938608
27008 19938650
27040 19938685
27072 19938737
27104 19938778
27136 19938823
27168 19938865
27200 19938904
27232 19938943
27264 19938991
27296 19939032
27328 19939080
27360 19939113
27392 19939155
27424 19939196
27456 19939239
27488 19939271
27520 19939302
27552 19939342
27584 19939383
27616 19939409
27648 19939440
27680 19939473
27712 19939502
27744 19939538
27776 19939568
27808 19939594
27840 19939624
27872 19939654
27904 19939676
27936 19939707
27968 19939739
28000 19939765
28032 19939789
28064 19939815
28096 19939844
28128 19939877
28160 19939911
28192 19939950
28224 19939986
28256 19940014
28288 19940042
28320 19940083
28352 19940111
28384 19940135
28416 19940160
28448 19940188
28480 19940225
28512 19940252
28544 19940277
28576 19940300
28608 19940325
28640 19940350
28672 19940371
28704 19940398
28736 19940426
28768 19940455
28800 19940477
28832 19940501
28864 19940515
28896 19940532
28928 19940555
28960 19940576
28992 19940599
29024 19940620
29056 19940640
29088 19940669
29120 19940691
29152 19940709
29184 19940726
29216 19940748
29248 19940769
29280 19940787
29312 19940812
29344 19940833
29376 19940849
29408 19940869
29440 19940890
29472 19940909
29504 19940923
29536 19940937
29568 19940958
29600 19940969
29632 19940989
29664 19941013
29696 19941042
29728 19941068
29760 19941088
29792 19941107
29824 19941133
29856 19941151
29888 19941181
29920 19941209
29952 19941233
29984 19941267
30016 19941303
30048 19941335
30080 19941355
30112 19941391
30144 19941415
30176 19941439
30208 19941472
30240 19941500
30272 19941529
30304 19941551
30336 19941575
30368 19941598
30400 19941620
30432 19941640
30464 19941668
30496 19941691
30528 19941712
30560 19941729
30592 19941750
30624 19941771
30656 19941803
30688 19941831
30720 19941854
30752 19941878
30784 19941904
30816 19941928
30848 19941951
30880 19941979
30912 19942005
30944 19942026
30976 19942053
31008 19942090
31040 19942117
31072 19942140
31104 19942172
31136 19942189
31168 19942209
31200 19942226
31232 19942250
31264 19942276
31296 19942299
31328 19942313
31360 19942330
31392 19942350
31424 19942382
31456 19942404
31488 19942427
31520 19942453
31552 19942474
31584 19942495
31616 19942516
31648 19942542
31680 19942555
31712 19942583
31744 19942605
31776 19942642
31808 19942663
31840 19942684
31872 19942700
31904 19942720
31936 19942737
31968 19942754
32000 19942782
32032 19942806
32064 19942828
32096 19942858
32128 19942880
32160 19942903
32192 19942924
32224 19942946
32256 19942962
32288 19942975
32320 19942999
32352 19943024
32384 19943049
32416 19943072
32448 19943095
32480 19943117
32512 19943135
32544 19943155
32576 19943171
32608 19943196
32640 19943221
32672 19943246
32704 19943257
32736 19943284
32768 19943306
32800 19943320
32832 19943336
32864 19943352
32896 19943370
32928 19943399
32960 19943420
32992 19943440
33024 19943455
33056 19943478
33088 19943507
33120 19943523
33152 19943555
33184 19943574
33216 19943599
33248 19943620
33280 19943640
33312 19943654
33344 19943671
33376 19943692
33408 19943723
33440 19943747
33472 19943768
33504 19943790
33536 19943810
33568 19943833
33600 19943855
33632 19943890
33664 19943925
33696 19943951
33728 19943979
33760 19944003
33792 19944018
33824 19944038
33856 19944064
33888 19944088
33920 19944106
33952 19944119
33984 19944147
34016 19944169
34048 19944184
34080 19944214
34112 19944238
34144 19944269
34176 19944289
34208 19944309
34240 19944329
34272 19944341
34304 19944367
34336 19944391
34368 19944411
34400 19944438
34432 19944464
34464 19944487
34496 19944509
34528 19944537
34560 19944564
34592 19944590
34624 19944614
34656 19944643
34688 19944665
34720 19944683
34752 19944712
34784 19944735
34816 19944761
34848 19944786
34880 19944810
34912 19944832
34944 19944850
34976 19944868
35008 19944891
35040 19944909
35072 19944930
35104 19944950
35136 19944969
35168 19944986
35200 19945004
35232 19945020
35264 19945035
35296 19945055
35328 19945070
35360 19945085
35392 19945105
35424 19945128
35456 19945151
35488 19945169
35520 19945183
35552 19945201
35584 19945218
35616 19945247
35648 19945276
35680 19945299
35712 19945313
35744 19945327
35776 19945348
35808 19945360
35840 19945376
35872 19945390
35904 19945410
35936 19945435
35968 19945453
36000 19945471
36032 19945486
36064 19945502
36096 19945526
36128 19945539
36160 19945561
36192 19945571
36224 19945593
36256 19945615
36288 19945628
36320 19945650
36352 19945664
36384 19945683
36416 19945710
36448 19945739
36480 19945755
36512 19945782
36544 19945808
36576 19945831
36608 19945859
36640 19945880
36672 19945915
36704 19945932
36736 19945950
36768 19945971
36800 19945996
36832 19946027
36864 19946055
36896 19946079
36928 19946100
36960 19946126
36992 19946158
37024 19946180
37056 19946202
37088 19946230
37120 19946251
37152 19946276
37184 19946296
37216 19946318
37248 19946350
37280 19946376
37312 19946399
37344 19946416
37376 19946446
37408 19946474
37440 19946504
37472 19946526
37504 19946557
37536 19946569
37568 19946601
37600 19946623
37632 19946639
37664 19946658
37696 19946694
37728 19946724
37760 19946754
37792 19946782
37824 19946802
37856 19946829
37888 19946858
37920 19946889
37952 19946910
37984 19946933
38016 19946955
38048 19946982
38080 19947003
38112 19947045
38144 19947066
38176 19947094
38208 19947118
38240 19947144
38272 19947178
38304 19947203
38336 19947236
38368 19947267
38400 19947291
38432 19947334
38464 19947371
38496 19947404
38528 19947432
38560 19947459
38592 19947492
38624 19947518
38656 19947539
38688 19947576
38720 19947607
38752 19947630
38784 19947664
38816 19947696
38848 19947729
38880 19947761
38912 19947782
38944 19947807
38976 19947832
39008 19947857
39040 19947881
39072 19947907
39104 19947939
39136 19947967
39168 19947984
39200 19948013
39232 19948049
39264 19948086
39296 19948125
39328 19948153
39360 19948188
39392 19948214
39424 19948244
39456 19948272
39488 19948298
39520 19948328
39552 19948358
39584 19948386
39616 19948427
39648 19948468
39680 19948501
39712 19948534
39744 19948577
39776 19948618
39808 19948653
39840 19948691
39872 19948718
39904 19948754
39936 19948802
39968 19948845
40000 19948883
40032 19948925
40064 19948971
40096 19949015
40128 19949063
40160 19949111
40192 19949148
40224 19949193
40256 19949238
40288 19949272
40320 19949320
40352 19949368
40384 19949408
40416 19949455
40448 19949503
40480 19949548
40512 19949586
40544 19949645
40576 19949695
40608 19949740
40640 19949785
40672 19949826
40704 19949880
40736 19949938
40768 19949994
40800 19950045
40832 19950095
40864 19950140
40896 19950192
40928 19950249
40960 19950294
40992 19950342
41024 19950397
41056 19950440
41088 19950492
41120 19950536
41152 19950599
41184 19950659
41216 19950714
41248 19950776
41280 19950834
41312 19950886
41344 19950938
41376 19950986
41408 19951053
41440 19951119
41472 19951168
41504 19951223
41536 19951280
41568 19951329
41600 19951388
41632 19951449
41664 19951510
41696 19951568
41728 19951623
41760 19951688
41792 19951743
41824 19951810
41856 19951865
41888 19951927
41920 19951978
41952 19952038
41984 19952097
42016 19952166
42048 19952241
42080 19952292
42112 19952351
42144 19952423
42176 19952479
42208 19952548
42240 19952612
42272 19952681
42304 19952753
42336 19952817
42368 19952893
42400 19952959
42432 19953032
42464 19953112
42496 19953179
42528 19953254
42560 19953327
42592 19953407
42624 19953475
42656 19953545
42688 19953620
42720 19953696
42752 19953774
42784 19953854
42816 19953937
42848 19954027
42880 19954091
42912 19954167
42944 19954231
42976 19954302
43008 19954375
43040 19954443
43072 19954509
43104 19954587
43136 19954668
43168 19954746
43200 19954822
43232 19954895
43264 19954986
43296 19955067
43328 19955148
43360 19955236
43392 19955319
43424 19955410
43456 19955486
43488 19955550
43520 19955651
43552 19955743
43584 19955830
43616 19955926
43648 19956026
43680 19956140
43712 19956225
43744 19956321
43776 19956396
43808 19956491
43840 19956588
43872 19956675
43904 19956756
43936 19956865
43968 19956974
44000 19957063
44032 19957174
44064 19957279
44096 19957396
44128 19957497
44160 19957598
44192 19957714
44224 19957819
44256 19957949
44288 19958054
44320 19958158
44352 19958262
44384 19958378
44416 19958486
44448 19958589
44480 19958694
44512 19958804
44544 19958915
44576 19959032
44608 19959135
44640 19959235
44672 19959337
44704 19959445
44736 19959540
44768 19959641
44800 19959758
44832 19959885
44864 19959989
44896 19960093
44928 19960198
44960 19960323
44992 19960447
45024 19960533
45056 19960646
45088 19960770
45120 19960875
45152 19960961
45184 19961071
45216 19961169
45248 19961296
45280 19961400
45312 19961502
45344 19961621
45376 19961721
45408 19961824
45440 19961935
45472 19962047
45504 19962162
45536 19962273
45568 19962392
45600 19962509
45632 19962613
45664 19962754
45696 19962853
45728 19962975
45760 19963092
45792 19963192
45824 19963307
45856 19963423
45888 19963537
45920 19963645
45952 19963755
45984 19963872
46016 19963964
46048 19964074
46080 19964188
46112 19964323
46144 19964414
46176 19964533
46208 19964665
46240 19964785
46272 19964905
46304 19965014
46336 19965126
46368 19965261
46400 19965371
46432 19965510
46464 19965627
46496 19965749
46528 19965871
46560 19965998
46592 19966136
46624 19966248
46656 19966371
46688 19966490
46720 19966590
46752 19966723
46784 19966876
46816 19967001
46848 19967141
46880 19967258
46912 19967386
46944 19967516
46976 19967655
47008 19967780
47040 19967908
47072 19968055
47104 19968175
47136 19968324
47168 19968463
47200 19968597
47232 19968728
47264 19968848
47296 19968999
47328 19969124
47360 19969248
47392 19969355
47424 19969500
47456 19969645
47488 19969763
47520 19969900
47552 19970015
47584 19970124
47616 19970258
47648 19970386
47680 19970532
47712 19970656
47744 19970796
47776 19970938
47808 19971070
47840 19971215
47872 19971328
47904 19971441
47936 19971573
47968 19971679
48000 19971806
48032 19971917
48064 19972048
48096 19972176
48128 19972300
48160 19972436
48192 19972562
48224 19972696
48256 19972844
48288 19972958
48320 19973078
48352 19973210
48384 19973353
48416 19973483
48448 19973587
48480 19973725
48512 19973853
48544 19973984
48576 19974095
48608 19974226
48640 19974341
48672 19974466
48704 19974590
48736 19974707
48768 19974842
48800 19974964
48832 19975073
48864 19975219
48896 19975320
48928 19975421
48960 19975543
48992 19975647
49024 19975760
49056 19975874
49088 19976009
49120 19976119
49152 19976243
49184 19976359
49216 19976458
49248 19976580
49280 19976699
49312 19976809
49344 19976938
49376 19977035
49408 19977146
49440 19977258
49472 19977384
49504 19977493
49536 19977623
49568 19977762
49600 19977859
49632 19977990
49664 19978102
49696 19978213
49728 19978318
49760 19978431
49792 19978545
49824 19978658
49856 19978760
49888 19978887
49920 19978983
49952 19979114
49984 19979233
50016 19979334
50048 19979447
50080 19979551
50112 19979655
50144 19979762
50176 19979871
50208 19979984
50240 19980098
50272 19980212
50304 19980333
50336 19980437
50368 19980525
50400 19980641
50432 19980753
50464 19980844
50496 19980945
50528 19981059
50560 19981181
50592 19981298
50624 19981401
50656 19981520
50688 19981636
50720 19981745
50752 19981855
50784 19981958
50816 19982073
50848 19982155
50880 19982247
50912 19982360
50944 19982475
50976 19982576
51008 19982667
51040 19982767
51072 19982876
51104 19982972
51136 19983079
51168 19983155
51200 19983253
51232 19983340
51264 19983427
51296 19983525
51328 19983633
51360 19983720
51392 19983819
51424 19983899
51456 19983995
51488 19984076
51520 19984153
51552 19984231
51584 19984327
51616 19984416
51648 19984503
51680 19984589
51712 19984676
51744 19984757
51776 19984865
51808 19984942
51840 19985021
51872 19985100
51904 19985199
51936 19985284
51968 19985383
52000 19985472
52032 19985554
52064 19985622
52096 19985710
52128 19985812
52160 19985902
52192 19985994
52224 19986082
52256 19986156
52288 19986234
52320 19986314
52352 19986380
52384 19986459
52416 19986541
52448 19986617
52480 19986702
52512 19986779
52544 19986848
52576 19986918
52608 19987005
52640 19987099
52672 19987180
52704 19987269
52736 19987350
52768 19987437
52800 19987509
52832 19987586
52864 19987685
52896 19987750
52928 19987826
52960 19987882
52992 19987946
53024 19988030
53056 19988101
53088 19988167
53120 19988245
53152 19988320
53184 19988387
53216 19988444
53248 19988523
53280 19988596
53312 19988666
53344 19988731
53376 19988790
53408 19988864
53440 19988920
53472 19988977
53504 19989058
53536 19989126
53568 19989186
53600 19989250
53632 19989297
53664 19989364
53696 19989426
53728 19989485
53760 19989556
53792 19989623
53824 19989682
53856 19989725
53888 19989778
53920 19989831
53952 19989882
53984 19989934
54016 19990003
54048 19990060
54080 19990119
54112 19990185
54144 19990244
54176 19990308
54208 19990367
54240 19990411
54272 19990476
54304 19990538
54336 19990589
54368 19990652
54400 19990706
54432 19990770
54464 19990820
54496 19990886
54528 19990943
54560 19990999
54592 19991041
54624 19991103
54656 19991161
54688 19991216
54720 19991274
54752 19991319
54784 19991372
54816 19991434
54848 19991494
54880 19991550
54912 19991604
54944 19991662
54976 19991721
55008 19991771
55040 19991824
55072 19991879
55104 19991921
55136 19991970
55168 19992012
55200 19992050
55232 19992096
55264 19992131
55296 19992187
55328 19992227
55360 19992273
55392 19992311
55424 19992344
55456 19992396
55488 19992434
55520 19992464
55552 19992517
55584 19992549
55616 19992604
55648 19992651
55680 19992698
55712 19992737
55744 19992773
55776 19992817
55808 19992857
55840 19992894
55872 19992940
55904 19992981
55936 19993018
55968 19993060
56000 19993102
56032 19993140
56064 19993193
56096 19993245
56128 19993285
56160 19993321
56192 19993359
56224 19993409
56256 19993445
56288 19993480
56320 19993529
56352 19993569
56384 19993618
56416 19993658
56448 19993698
56480 19993725
56512 19993756
56544 19993781
56576 19993822
56608 19993856
56640 19993881
56672 19993911
56704 19993948
56736 19993987
56768 19994017
56800 19994047
56832 19994087
56864 19994125
56896 19994156
56928 19994191
56960 19994224
56992 19994267
57024 19994307
57056 19994345
57088 19994378
57120 19994409
57152 19994449
57184 19994490
57216 19994514
57248 19994549
57280 19994571
57312 19994606
57344 19994632
57376 19994654
57408 19994682
57440 19994703
57472 19994724
57504 19994766
57536 19994794
57568 19994828
57600 19994853
57632 19994877
57664 19994896
57696 19994926
57728 19994961
57760 19994985
57792 19995016
57824 19995047
57856 19995072
57888 19995110
57920 19995136
57952 19995163
57984 19995186
58016 19995217
58048 19995250
58080 19995278
58112 19995307
58144 19995330
58176 19995359
58208 19995381
58240 19995413
58272 19995433
58304 19995455
58336 19995481
58368 19995500
58400 19995524
58432 19995544
58464 19995562
58496 19995575
58528 19995597
58560 19995626
58592 19995658
58624 19995683
58656 19995712
58688 19995734
58720 19995760
58752 19995783
58784 19995801
58816 19995820
58848 19995847
58880 19995874
58912 19995892
58944 19995913
58976 19995940
59008 19995958
59040 19995975
59072 19995999
59104 19996018
59136 19996041
59168 19996060
59200 19996077
59232 19996090
59264 19996112
59296 19996130
59328 19996147
59360 19996159
59392 19996172
59424 19996191
59456 19996211
59488 19996229
59520 19996241
59552 19996262
59584 19996276
59616 19996298
59648 19996314
59680 19996331
59712 19996346
59744 19996367
59776 19996376
59808 19996393
59840 19996405
59872 19996421
59904 19996434
59936 19996459
59968 19996478
60000 19996491
60032 19996506
60064 19996527
60096 19996546
60128 19996561
60160 19996581
60192 19996603
60224 19996611
60256 19996623
60288 19996634
60320 19996652
60352 19996673
60384 19996687
60416 19996704
60448 19996723
60480 19996742
60512 19996757
60544 19996769
60576 19996780
60608 19996793
60640 19996806
60672 19996820
60704 19996836
60736 19996848
60768 19996861
60800 19996876
60832 19996887
60864 19996901
60896 19996910
60928 19996923
60960 19996936
60992 19996951
61024 19996968
61056 19996983
61088 19996996
61120 19997003
61152 19997018
61184 19997025
61216 19997039
61248 19997057
61280 19997074
61312 19997088
61344 19997099
61376 19997104
61408 19997111
61440 19997113
61472 19997124
61504 19997140
61536 19997151
61568 19997165
61600 19997175
61632 19997192
61664 19997201
61696 19997205
61728 19997219
61760 19997230
61792 19997240
61824 19997250
61856 19997263
61888 19997272
61920 19997284
61952 19997294
61984 19997308
62016 19997320
62048 19997331
62080 19997350
62112 19997364
62144 19997372
62176 19997388
62208 19997396
62240 19997407
62272 19997422
62304 19997430
62336 19997437
62368 19997456
62400 19997471
62432 19997479
62464 19997491
62496 19997501
62528 19997511
62560 19997514
62592 19997519
62624 19997532
62656 19997535
62688 19997540
62720 19997546
62752 19997565
62784 19997574
62816 19997582
62848 19997596
62880 19997608
62912 19997618
62944 19997629
62976 19997637
63008 19997645
63040 19997660
63072 19997670
63104 19997676
63136 19997683
63168 19997690
63200 19997698
63232 19997705
63264 19997714
63296 19997719
63328 19997728
63360 19997737
63392 19997745
63424 19997757
63456 19997763
63488 19997773
63520 19997786
63552 19997792
63584 19997799
63616 19997809
63648 19997818
63680 19997827
63712 19997834
63744 19997838
63776 19997844
63808 19997851
63840 19997859
63872 19997865
63904 19997873
63936 19997882
63968 19997893
64000 19997902
64032 19997912
64064 19997916
64096 19997921
64128 19997927
64160 19997934
64192 19997942
64224 19997950
64256 19997956
64288 19997963
64320 19997969
64352 19997974
64384 19997986
64416 19997990
64448 19997997
64480 19998001
64512 19998008
64544 19998015
64576 19998024
64608 19998033
64640 19998041
64672 19998051
64704 19998055
64736 19998061
64768 19998064
64800 19998069
64832 19998074
64864 19998078
64896 19998081
64928 19998087
64960 19998088
64992 19998099
65024 19998105
65056 19998114
65088 19998117
65120 19998126
65152 19998132
65184 19998141
65216 19998150
65248 19998155
65280 19998160
65312 19998168
65344 19998175
65376 19998181
65408 19998187
65440 19998191
65472 19998195
65504 19998199
65536 19998202
65568 19998207
65600 19998215
65632 19998218
65664 19998224
65696 19998231
65728 19998235
65760 19998241
65792 19998245
65824 19998248
65856 19998253
65888 19998259
65920 19998266
65952 19998273
65984 19998278
66016 19998283
66048 19998287
66080 19998289
66112 19998294
66144 19998300
66176 19998302
66208 19998307
66240 19998311
66272 19998316
66304 19998324
66336 19998331
66368 19998341
66400 19998345
66432 19998351
66464 19998358
66496 19998369
66528 19998371
66560 19998372
66592 19998383
66624 19998385
66656 19998390
66688 19998399
66720 19998407
66752 19998410
66784 19998415
66816 19998418
66848 19998418
66880 19998419
66912 19998425
66944 19998431
66976 19998435
67008 19998437
67040 19998445
67072 19998452
67104 19998457
67136 19998462
67168 19998466
67200 19998469
67232 19998476
67264 19998477
67296 19998480
67328 19998484
67360 19998491
67392 19998497
67424 19998501
67456 19998505
67488 19998515
67520 19998519
67552 19998526
67584 19998533
67616 19998534
67648 19998538
67680 19998545
67712 19998550
67744 19998556
67776 19998559
67808 19998561
67840 19998564
67872 19998569
67904 19998576
67936 19998582
67968 19998587
68000 19998592
68032 19998597
68064 19998599
68096 19998603
68128 19998605
68160 19998613
68192 19998615
68224 19998618
68256 19998625
68288 19998629
68320 19998633
68352 19998637
68384 19998642
68416 19998646
68448 19998650
68480 19998652
68512 19998654
68544 19998657
68576 19998659
68608 19998663
68640 19998665
68672 19998672
68704 19998674
68736 19998676
68768 19998679
68800 19998683
68832 19998688
68864 19998695
68896 19998696
68928 19998700
68960 19998702
68992 19998704
69024 19998708
69056 19998711
69088 19998715
69120 19998716
69152 19998718
69184 19998719
69216 19998720
69248 19998722
69280 19998723
69312 19998727
69344 19998732
69376 19998734
69408 19998736
69440 19998739
69472 19998741
69504 19998744
69536 19998746
69568 19998754
69600 19998755
69632 19998758
69664 19998763
69696 19998770
69728 19998772
69760 19998774
69792 19998780
69824 19998783
69856 19998785
69888 19998788
69920 19998792
69952 19998796
69984 19998805
70016 19998809
70048 19998811
70080 19998814
70112 19998818
70144 19998822
70176 19998823
70208 19998828
70240 19998831
70272 19998836
70304 19998838
70336 19998843
70368 19998846
70400 19998851
70432 19998854
70464 19998855
70496 19998857
70528 19998861
70560 19998863
70592 19998867
70624 19998870
70656 19998872
70688 19998873
70720 19998877
70752 19998879
70784 19998883
70816 19998886
70848 19998888
70880 19998892
70912 19998896
70944 19998899
70976 19998902
71008 19998906
71040 19998909
71072 19998911
71104 19998916
71136 19998919
71168 19998921
71200 19998923
71232 19998924
71264 19998927
71296 19998930
71328 19998934
71360 19998939
71392 19998941
71424 19998941
71456 19998943
71488 19998945
71520 19998947
71552 19998950
71584 19998953
71616 19998955
71648 19998957
71680 19998959
71712 19998963
71744 19998964
71776 19998965
71808 19998967
71840 19998972
71872 19998977
71904 19998980
71936 19998980
71968 19998982
72000 19998984
72032 19998986
72064 19998990
72096 19998992
72128 19998995
72160 19998998
72192 19998999
72224 19998999
72256 19999003
72288 19999004
72320 19999005
72352 19999008
72384 19999009
72416 19999010
72448 19999013
72480 19999016
72512 19999020
72544 19999020
72576 19999025
72608 19999028
72640 19999029
72672 19999033
72704 19999037
72736 19999039
72768 19999044
72800 19999047
72832 19999048
72864 19999051
72896 19999052
72928 19999055
72960 19999056
72992 19999056
73024 19999056
73056 19999060
73088 19999060
73120 19999063
73152 19999063
73184 19999066
73216 19999071
73248 19999075
73280 19999078
73312 19999080
73344 19999083
73376 19999084
73408 19999087
73440 19999088
73472 19999089
73504 19999094
73536 19999094
73568 19999097
73600 19999099
73632 19999100
73664 19999101
73696 19999104
73728 19999106
73760 19999110
73792 19999112
73824 19999113
73856 19999116
73888 19999119
73920 19999120
73952 19999123
73984 19999124
74016 19999125
74048 19999126
74080 19999129
74112 19999130
74144 19999130
74176 19999132
74208 19999133
74240 19999134
74272 19999137
74304 19999137
74336 19999138
74368 19999141
74400 19999141
74432 19999144
74464 19999145
74496 19999149
74528 19999151
74560 19999154
74592 19999154
74624 19999156
74656 19999157
74688 19999161
74720 19999163
74752 19999166
74784 19999166
74816 19999168
74848 19999170
74880 19999175
74912 19999175
74944 19999179
74976 19999179
75008 19999179
75040 19999183
75072 19999186
75104 19999187
75136 19999188
75168 19999190
75200 19999194
75232 19999194
75264 19999197
75296 19999197
75328 19999198
75360 19999200
75392 19999201
75424 19999202
75456 19999202
75488 19999204
75520 19999205
75552 19999206
75584 19999207
75616 19999209
75648 19999210
75680 19999212
75712 19999217
75744 19999224
75776 19999226
75808 19999227
75840 19999228
75872 19999229
75904 19999230
75936 19999232
75968 19999233
76000 19999237
76032 19999239
76064 19999240
76096 19999243
76128 19999243
76160 19999243
76192 19999245
76224 19999248
76256 19999249
76288 19999250
76320 19999250
76352 19999251
76384 19999252
76416 19999254
76448 19999256
76480 19999257
76512 19999260
76544 19999262
76576 19999266
76608 19999269
76640 19999272
76672 19999273
76704 19999274
76736 19999274
76768 19999276
76800 19999280
76832 19999282
76864 19999282
76896 19999283
76928 19999285
76960 19999287
76992 19999290
77024 19999290
77056 19999292
77088 19999294
77120 19999296
77152 19999297
77184 19999301
77216 19999304
77248 19999304
77280 19999308
77312 19999310
77344 19999311
77376 19999314
77408 19999315
77440 19999315
77472 19999315
77504 19999316
77536 19999317
77568 19999317
77600 19999321
77632 19999321
77664 19999322
77696 19999322
77728 19999323
77760 19999326
77792 19999326
77824 19999327
77856 19999329
77888 19999329
77920 19999330
77952 19999330
77984 19999335
78016 19999336
78048 19999339
78080 19999339
78112 19999341
78144 19999343
78176 19999344
78208 19999345
78240 19999346
78272 19999347
78304 19999350
78336 19999352
78368 19999355
78400 19999355
78432 19999357
78464 19999357
78496 19999359
78528 19999360
78560 19999361
78592 19999364
78624 19999366
78656 19999366
78688 19999367
78720 19999368
78752 19999368
78784 19999369
78816 19999372
78848 19999372
78880 19999373
78912 19999374
78944 19999375
78976 19999376
79008 19999377
79040 19999377
79072 19999378
79104 19999380
79136 19999381
79168 19999382
79200 19999384
79232 19999386
79264 19999387
79296 19999387
79328 19999390
79360 19999393
79392 19999393
79424 19999395
79456 19999396
79488 19999399
79520 19999403
79552 19999404
79584 19999406
79616 19999409
79648 19999410
79680 19999410
79712 19999411
79744 19999412
79776 19999413
79808 19999415
79840 19999415
79872 19999417
79904 19999420
79936 19999422
79968 19999423
80000 19999425
80032 19999426
80064 19999427
80096 19999428
80128 19999429
80160 19999431
80192 19999432
80224 19999433
80256 19999433
80288 19999434
80320 19999434
80352 19999437
80384 19999439
80416 19999442
80448 19999444
80480 19999444
80512 19999444
80544 19999445
80576 19999445
80608 19999446
80640 19999446
80672 19999448
80704 19999448
80736 19999450
80768 19999450
80800 19999452
80832 19999455
80864 19999456
80896 19999458
80928 19999459
80960 19999461
80992 19999461
81024 19999463
81056 19999464
81088 19999466
81120 19999467
81152 19999469
81184 19999471
81216 19999471
81248 19999474
81280 19999475
81312 19999477
81344 19999478
81376 19999478
81408 19999478
81440 19999478
81472 19999478
81504 19999478
81536 19999482
81568 19999483
81600 19999485
81632 19999485
81664 19999486
81696 19999487
81728 19999487
81760 19999490
81792 19999490
81824 19999493
81856 19999494
81888 19999494
81920 19999497
81952 19999503
81984 19999505
82016 19999505
82048 19999505
82080 19999507
82112 19999508
82144 19999510
82176 19999510
82208 19999510
82240 19999511
82272 19999515
82304 19999515
82336 19999518
82368 19999519
82400 19999520
82432 19999522
82464 19999525
82496 19999526
82528 19999526
82560 19999527
82592 19999530
82624 19999531
82656 19999532
82688 19999532
82720 19999534
82752 19999534
82784 19999537
82816 19999538
82848 19999539
82880 19999540
82912 19999542
82944 19999543
82976 19999543
83008 19999544
83040 19999544
83072 19999545
83104 19999546
83136 19999546
83168 19999547
83200 19999550
83232 19999552
83264 19999552
83296 19999552
83328 19999553
83360 19999554
83392 19999555
83424 19999556
83456 19999556
83488 19999558
83520 19999558
83552 19999558
83584 19999559
83616 19999561
83648 19999561
83680 19999562
83712 19999562
83744 19999564
83776 19999564
83808 19999564
83840 19999567
83872 19999570
83904 19999571
83936 19999573
83968 19999576
84000 19999576
84032 19999577
84064 19999577
84096 19999577
84128 19999578
84160 19999580
84192 19999580
84224 19999580
84256 19999580
84288 19999583
84320 19999585
84352 19999586
84384 19999587
84416 19999590
84448 19999590
84480 19999591
84512 19999592
84544 19999593
84576 19999593
84608 19999596
84640 19999597
84672 19999599
84704 19999600
84736 19999602
84768 19999603
84800 19999604
84832 19999604
84864 19999604
84896 19999604
84928 19999604
84960 19999604
84992 19999604
85024 19999607
85056 19999608
85088 19999608
85120 19999608
85152 19999612
85184 19999613
85216 19999615
85248 19999615
85280 19999616
85312 19999617
85344 19999617
85376 19999617
85408 19999619
85440 19999620
85472 19999620
85504 19999620
85536 19999625
85568 19999626
85600 19999628
85632 19999629
85664 19999630
85696 19999632
85728 19999633
85760 19999636
85792 19999636
85824 19999636
85856 19999636
85888 19999637
85920 19999638
85952 19999639
85984 19999640
86016 19999643
86048 19999643
86080 19999643
86112 19999644
86144 19999644
86176 19999644
86208 19999644
86240 19999647
86272 19999650
86304 19999651
86336 19999653
86368 19999654
86400 19999654
86432 19999654
86464 19999656
86496 19999656
86528 19999657
86560 19999659
86592 19999660
86624 19999660
86656 19999660
86688 19999660
86720 19999661
86752 19999663
86784 19999664
86816 19999667
86848 19999667
86880 19999668
86912 19999669
86944 19999671
86976 19999672
87008 19999673
87040 19999674
87072 19999674
87104 19999675
87136 19999676
87168 19999676
87200 19999678
87232 19999678
87264 19999682
87296 19999684
87328 19999685
87360 19999685
87392 19999686
87424 19999686
87456 19999686
87488 19999686
87520 19999687
87552 19999689
87584 19999689
87616 19999689
87648 19999690
87680 19999692
87712 19999692
87744 19999693
87776 19999693
87808 19999693
87840 19999694
87872 19999696
87904 19999696
87936 19999696
87968 19999696
88000 19999697
88032 19999699
88064 19999699
88096 19999701
88128 19999701
88160 19999703
88192 19999703
88224 19999704
88256 19999706
88288 19999706
88320 19999707
88352 19999709
88384 19999711
88416 19999712
88448 19999714
88480 19999714
88512 19999715
88544 19999715
88576 19999717
88608 19999717
88640 19999718
88672 19999718
88704 19999719
88736 19999720
88768 19999722
88800 19999723
88832 19999723
88864 19999724
88896 19999725
88928 19999728
88960 19999729
88992 19999729
89024 19999729
89056 19999731
89088 19999732
89120 19999732
89152 19999732
89184 19999732
89216 19999733
89248 19999733
89280 19999734
89312 19999735
89344 19999735
89376 19999736
89408 19999736
89440 19999736
89472 19999736
89504 19999736
89536 19999738
89568 19999739
89600 19999740
89632 19999742
89664 19999744
89696 19999744
89728 19999745
89760 19999745
89792 19999746
89824 19999747
89856 19999748
89888 19999748
89920 19999748
89952 19999748
89984 19999749
90016 19999749
90048 19999749
90080 19999749
90112 19999750
90144 19999750
90176 19999751
90208 19999752
90240 19999753
90272 19999753
90304 19999756
90336 19999756
90368 19999758
90400 19999759
90432 19999759
90464 19999759
90496 19999760
90528 19999761
90560 19999762
90592 19999763
90624 19999764
90656 19999765
90688 19999766
90720 19999766
90752 19999766
90784 19999767
90816 19999768
90848 19999768
90880 19999769
90912 19999769
90944 19999770
90976 19999770
91008 19999770
91040 19999770
91072 19999770
91104 19999770
91136 19999770
91168 19999770
91200 19999770
91232 19999770
91264 19999770
91296 19999771
91328 19999771
91360 19999772
91392 19999773
91424 19999774
91456 19999775
91488 19999776
91520 19999776
91552 19999776
91584 19999777
91616 19999777
91648 19999779
91680 19999780
91712 19999781
91744 19999782
91776 19999782
91808 19999784
91840 19999784
91872 19999785
91904 19999787
91936 19999790
91968 19999790
92000 19999792
92032 19999793
92064 19999793
92096 19999795
92128 19999796
92160 19999797
92192 19999797
92224 19999798
92256 19999799
92288 19999799
92320 19999800
92352 19999801
92384 19999802
92416 19999802
92448 19999803
92480 19999805
92512 19999805
92544 19999806
92576 19999807
92608 19999809
92640 19999810
92672 19999811
92704 19999812
92736 19999812
92768 19999814
92800 19999814
92832 19999816
92864 19999818
92896 19999818
92928 19999818
92960 19999818
92992 19999818
93024 19999819
93056 19999819
93088 19999820
93120 19999821
93152 19999822
93184 19999822
93216 19999822
93248 19999822
93280 19999822
93312 19999822
93344 19999824
93376 19999825
93408 19999826
93440 19999826
93472 19999826
93504 19999826
93536 19999826
93568 19999827
93600 19999827
93632 19999827
93664 19999828
93696 19999829
93728 19999829
93760 19999829
93792 19999829
93824 19999830
93856 19999830
93888 19999831
93920 19999832
93952 19999832
93984 19999832
94016 19999832
94048 19999832
94080 19999832
94112 19999832
94144 19999833
94176 19999834
94208 19999835
94240 19999836
94272 19999837
94304 19999838
94336 19999838
94368 19999839
94400 19999839
94432 19999840
94464 19999840
94496 19999841
94528 19999843
94560 19999843
94592 19999844
94624 19999845
94656 19999845
94688 19999846
94720 19999846
94752 19999846
94784 19999847
94816 19999847
94848 19999848
94880 19999849
94912 19999849
94944 19999850
94976 19999851
95008 19999852
95040 19999853
95072 19999853
95104 19999854
95136 19999855
95168 19999855
95200 19999855
95232 19999857
95264 19999859
95296 19999860
95328 19999860
95360 19999862
95392 19999862
95424 19999863
95456 19999863
95488 19999864
95520 19999865
95552 19999865
95584 19999866
95616 19999866
95648 19999866
95680 19999866
95712 19999867
95744 19999867
95776 19999867
95808 19999867
95840 19999868
95872 19999869
95904 19999870
95936 19999870
95968 19999872
96000 19999872
96032 19999872
96064 19999873
96096 19999873
96128 19999873
96160 19999873
96192 19999873
96224 19999874
96256 19999874
96288 19999874
96320 19999874
96352 19999875
96384 19999877
96416 19999878
96448 19999878
96480 19999878
96512 19999878
96544 19999878
96576 19999878
96608 19999878
96640 19999878
96672 19999878
96704 19999878
96736 19999878
96768 19999878
96800 19999878
96832 19999878
96864 19999879
96896 19999880
96928 19999880
96960 19999881
96992 19999882
97024 19999883
97056 19999883
97088 19999883
97120 19999884
97152 19999885
97184 19999885
97216 19999886
97248 19999887
97280 19999887
97312 19999887
97344 19999888
97376 19999888
97408 19999888
97440 19999888
97472 19999888
97504 19999888
97536 19999888
97568 19999888
97600 19999888
97632 19999889
97664 19999889
97696 19999889
97728 19999889
97760 19999890
97792 19999890
97824 19999890
97856 19999891
97888 19999891
97920 19999891
97952 19999891
97984 19999893
98016 19999893
98048 19999894
98080 19999896
98112 19999896
98144 19999896
98176 19999896
98208 19999896
98240 19999897
98272 19999898
98304 19999900
98336 19999900
98368 19999900
98400 19999900
98432 19999901
98464 19999901
98496 19999901
98528 19999901
98560 19999902
98592 19999903
98624 19999905
98656 19999905
98688 19999905
98720 19999906
98752 19999906
98784 19999906
98816 19999906
98848 19999907
98880 19999907
98912 19999907
98944 19999907
98976 19999907
99008 19999908
99040 19999909
99072 19999910
99104 19999910
99136 19999910
99168 19999910
99200 19999910
99232 19999910
99264 19999911
99296 19999911
99328 19999911
99360 19999912
99392 19999912
99424 19999912
99456 19999912
99488 19999912
99520 19999912
99552 19999913
99584 19999916
99616 19999916
99648 19999917
99680 19999918
99712 19999918
99744 19999918
99776 19999918
99808 19999918
99840 19999919
99872 19999919
99904 19999919
99936 19999919
99968 19999919
100000 19999920
100032 19999920
100064 19999920
100096 19999920
100128 19999920
100160 19999920
100192 19999920
100224 19999920
100256 19999921
100288 19999922
100320 19999922
100352 19999923
100384 19999923
100416 19999923
100448 19999923
100480 19999923
100512 19999924
100544 19999924
100576 19999924
100608 19999924
100640 19999924
100672 19999924
100704 19999926
100736 19999927
100768 19999927
100800 19999928
100832 19999928
100864 19999928
100896 19999929
100928 19999929
100960 19999929
100992 19999929
101024 19999929
101056 19999930
101088 19999930
101120 19999930
101152 19999930
101184 19999930
101216 19999931
101248 19999931
101280 19999931
101312 19999931
101344 19999932
101376 19999932
101408 19999932
101440 19999932
101472 19999932
101504 19999932
101536 19999932
101568 19999932
101600 19999932
101632 19999932
101664 19999932
101696 19999932
101728 19999932
101760 19999932
101792 19999933
101824 19999933
101856 19999934
101888 19999935
101920 19999935
101952 19999935
101984 19999936
102016 19999937
102048 19999937
102080 19999937
102112 19999937
102144 19999937
102176 19999937
102208 19999937
102240 19999937
102272 19999937
102304 19999937
102336 19999937
102368 19999937
102400 19999937
102432 19999937
102464 19999937
102496 19999938
102528 19999938
102560 19999938
102592 19999938
102624 19999938
102656 19999938
102688 19999939
102720 19999939
102752 19999939
102784 19999939
102816 19999940
102848 19999941
102880 19999941
102912 19999941
102944 19999941
102976 19999941
103008 19999941
103040 19999941
103072 19999941
103104 19999942
103136 19999942
103168 19999943
103200 19999944
103232 19999945
103264 19999945
103296 19999945
103328 19999946
103360 19999946
103392 19999946
103424 19999946
103456 19999948
103488 19999948
103520 19999948
103552 19999948
103584 19999948
103616 19999949
103648 19999950
103680 19999950
103712 19999951
103744 19999951
103776 19999953
103808 19999953
103840 19999953
103872 19999954
103904 19999954
103936 19999955
103968 19999955
104000 19999955
104032 19999955
104064 19999955
104096 19999956
104128 19999956
104160 19999957
104192 19999957
104224 19999957
104256 19999957
104288 19999958
104320 19999958
104352 19999959
104384 19999959
104416 19999959
104448 19999959
104480 19999959
104512 19999960
104544 19999960
104576 19999960
104608 19999960
104640 19999960
104672 19999960
104704 19999960
104736 19999960
104768 19999960
104800 19999960
104832 19999960
104864 19999960
104896 19999960
104928 19999961
104960 19999961
104992 19999962
105024 19999962
105056 19999962
105088 19999963
105120 19999963
105152 19999963
105184 19999963
105216 19999963
105248 19999963
105280 19999963
105312 19999963
105344 19999963
105376 19999963
105408 19999963
105440 19999963
105472 19999963
105504 19999963
105536 19999963
105568 19999963
105600 19999963
105632 19999963
105664 19999963
105696 19999963
105728 19999963
105760 19999963
105792 19999963
105824 19999963
105856 19999963
105888 19999963
105920 19999963
105952 19999963
105984 19999963
106016 19999963
106048 19999964
106080 19999965
106112 19999965
106144 19999965
106176 19999966
106208 19999966
106240 19999966
106272 19999966
106304 19999966
106336 19999966
106368 19999968
106400 19999968
106432 19999968
106464 19999968
106496 19999968
106528 19999968
106560 19999968
106592 19999968
106624 19999968
106656 19999968
106688 19999968
106720 19999969
106752 19999969
106784 19999969
106816 19999969
106848 19999970
106880 19999970
106912 19999970
106944 19999970
106976 19999970
107008 19999970
107040 19999970
107072 19999970
107104 19999970
107136 19999970
107168 19999970
107200 19999970
107232 19999970
107264 19999970
107296 19999971
107328 19999971
107360 19999971
107392 19999971
107424 19999971
107456 19999971
107488 19999971
107520 19999971
107552 19999972
107584 19999972
107616 19999972
107648 19999972
107680 19999972
107712 19999972
107744 19999972
107776 19999972
107808 19999972
107840 19999972
107872 19999972
107904 19999972
107936 19999972
107968 19999972
108000 19999972
108032 19999973
108064 19999973
108096 19999973
108128 19999973
108160 19999973
108192 19999973
108224 19999973
108256 19999973
108288 19999973
108320 19999973
108352 19999974
108384 19999974
108416 19999974
108448 19999974
108480 19999974
108512 19999974
108544 19999974
108576 19999974
108608 19999974
108640 19999974
108672 19999974
108704 19999974
108736 19999974
108768 19999975
108800 19999975
108832 19999975
108864 19999975
108896 19999975
108928 19999975
108960 19999975
108992 19999975
109024 19999975
109056 19999975
109088 19999975
109120 19999975
109152 19999975
109184 19999975
109216 19999975
109248 19999975
109280 19999975
109312 19999975
109344 19999975
109376 19999975
109408 19999975
109440 19999975
109472 19999975
109504 19999975
109536 19999975
109568 19999975
109600 19999975
109632 19999975
109664 19999975
109696 19999975
109728 19999975
109760 19999975
109792 19999975
109824 19999975
109856 19999975
109888 19999975
109920 19999975
109952 19999975
109984 19999976
110016 19999976
110048 19999976
110080 19999976
110112 19999976
110144 19999976
110176 19999976
110208 19999976
110240 19999976
110272 19999976
110304 19999976
110336 19999976
110368 19999976
110400 19999976
110432 19999976
110464 19999976
110496 19999976
110528 19999976
110560 19999976
110592 19999976
110624 19999976
110656 19999977
110688 19999977
110720 19999977
110752 19999977
110784 19999977
110816 19999977
110848 19999977
110880 19999978
110912 19999978
110944 19999978
110976 19999978
111008 19999978
111040 19999978
111072 19999978
111104 19999978
111136 19999978
111168 19999978
111200 19999979
111232 19999979
111264 19999979
111296 19999979
111328 19999979
111360 19999980
111392 19999980
111424 19999980
111456 19999980
111488 19999980
111520 19999980
111552 19999980
111584 19999980
111616 19999980
111648 19999980
111680 19999981
111712 19999981
111744 19999981
111776 19999981
111808 19999981
111840 19999981
111872 19999981
111904 19999981
111936 19999981
111968 19999981
112000 19999981
112032 19999981
112064 19999981
112096 19999981
112128 19999982
112160 19999982
112192 19999982
112224 19999982
112256 19999982
112288 19999982
112320 19999982
112352 19999982
112384 19999982
112416 19999982
112448 19999982
112480 19999982
112512 19999982
112544 19999982
112576 19999982
112608 19999982
112640 19999982
112672 19999982
112704 19999982
112736 19999983
112768 19999984
112800 19999984
112832 19999984
112864 19999984
112896 19999984
112928 19999984
112960 19999984
112992 19999984
113024 19999984
113056 19999984
113088 19999984
113120 19999984
113152 19999984
113184 19999984
113216 19999985
113248 19999985
113280 19999985
113312 19999985
113344 19999985
113376 19999985
113408 19999985
113440 19999985
113472 19999985
113504 19999985
113536 19999985
113568 19999985
113600 19999985
113632 19999985
113664 19999986
113696 19999986
113728 19999986
113760 19999986
113792 19999986
113824 19999986
113856 19999986
113888 19999986
113920 19999986
113952 19999986
113984 19999986
114016 19999986
114048 19999986
114080 19999986
114112 19999986
114144 19999986
114176 19999986
114208 19999986
114240 19999986
114272 19999986
114304 19999986
114336 19999986
114368 19999986
114400 19999987
114432 19999987
114464 19999988
114496 19999988
114528 19999988
114560 19999988
114592 19999988
114624 19999988
114656 19999988
114688 19999988
114720 19999988
114752 19999988
114784 19999988
114816 19999988
114848 19999988
114880 19999988
114912 19999989
114944 19999989
114976 19999989
115008 19999989
115040 19999989
115072 19999989
115104 19999989
115136 19999989
115168 19999989
115200 19999989
115232 19999989
115264 19999989
115296 19999989
115328 19999989
115360 19999989
115392 19999989
115424 19999989
115456 19999989
115488 19999989
115520 19999989
115552 19999989
115584 19999989
115616 19999989
115648 19999990
115680 19999990
115712 19999990
115744 19999990
115776 19999990
115808 19999990
115840 19999990
115872 19999990
115904 19999990
115936 19999990
115968 19999990
116000 19999991
116032 19999991
116064 19999991
116096 19999991
116128 19999991
116160 19999991
116192 19999991
116224 19999991
116256 19999991
116288 19999991
116320 19999991
116352 19999991
116384 19999991
116416 19999991
116448 19999991
116480 19999991
116512 19999991
116544 19999991
116576 19999991
116608 19999991
116640 19999991
116672 19999991
116704 19999991
116736 19999991
116768 19999991
116800 19999991
116832 19999991
116864 19999991
116896 19999991
116928 19999991
116960 19999991
116992 19999991
117024 19999991
117056 19999991
117088 19999991
117120 19999991
117152 19999991
117184 19999991
117216 19999991
117248 19999991
117280 19999991
117312 19999991
117344 19999991
117376 19999991
117408 19999991
117440 19999991
117472 19999991
117504 19999991
117536 19999991
117568 19999991
117600 19999992
117632 19999992
117664 19999992
117696 19999992
117728 19999992
117760 19999992
117792 19999992
117824 19999992
117856 19999993
117888 19999993
117920 19999993
117952 19999993
117984 19999994
118016 19999994
118048 19999994
118080 19999994
118112 19999994
118144 19999994
118176 19999994
118208 19999994
118240 19999994
118272 19999994
118304 19999994
118336 19999994
118368 19999994
118400 19999994
118432 19999994
118464 19999994
118496 19999994
118528 19999994
118560 19999994
118592 19999994
118624 19999994
118656 19999994
118688 19999994
118720 19999994
118752 19999994
118784 19999994
118816 19999994
118848 19999994
118880 19999994
118912 19999994
118944 19999994
118976 19999994
119008 19999994
119040 19999994
119072 19999994
119104 19999994
119136 19999994
119168 19999994
119200 19999994
119232 19999994
119264 19999994
119296 19999994
119328 19999994
119360 19999994
119392 19999994
119424 19999994
119456 19999994
119488 19999994
119520 19999994
119552 19999994
119584 19999994
119616 19999994
119648 19999994
119680 19999994
119712 19999994
119744 19999994
119776 19999994
119808 19999994
119840 19999995
119872 19999995
119904 19999995
119936 19999996
119968 19999996
120000 19999996
120032 19999996
120064 19999996
120096 19999996
120128 19999996
120160 19999996
120192 19999996
120224 19999996
120256 19999996
120288 19999996
120320 19999996
120352 19999996
120384 19999996
120416 19999996
120448 19999996
120480 19999996
120512 19999996
120544 19999996
120576 19999996
120608 19999996
120640 19999996
120672 19999996
120704 19999996
120736 19999996
120768 19999996
120800 19999996
120832 19999996
120864 19999996
120896 19999996
120928 19999996
120960 19999996
120992 19999996
121024 19999996
121056 19999996
121088 19999996
121120 19999996
121152 19999996
121184 19999996
121216 19999996
121248 19999996
121280 19999996
121312 19999996
121344 19999996
121376 19999996
121408 19999996
121440 19999996
121472 19999996
121504 19999996
121536 19999996
121568 19999996
121600 19999996
121632 19999996
121664 19999996
121696 19999996
121728 19999996
121760 19999996
121792 19999996
121824 19999996
121856 19999996
121888 19999997
121920 19999997
121952 19999997
121984 19999997
122016 19999997
122048 19999997
122080 19999997
122112 19999997
122144 19999997
122176 19999997
122208 19999997
122240 19999997
122272 19999997
122304 19999997
122336 19999998
122368 19999998
122400 19999998
122432 19999998
122464 19999998
122496 19999998
122528 19999998
122560 19999998
122592 19999998
122624 19999998
122656 19999998
122688 19999998
122720 19999998
122752 19999998
122784 19999998
122816 19999998
122848 19999998
122880 19999998
122912 19999998
122944 19999998
122976 19999998
123008 19999998
123040 19999998
123072 19999998
123104 19999998
123136 19999998
123168 19999998
123200 19999998
123232 19999998
123264 19999998
123296 19999998
123328 19999998
123360 19999998
123392 19999998
123424 19999998
123456 19999998
123488 19999998
123520 19999998
123552 19999998
123584 19999998
123616 19999998
123648 19999998
123680 19999998
123712 19999998
123744 19999998
123776 19999998
123808 19999998
123840 19999998
123872 19999998
123904 19999998
123936 19999998
123968 19999998
124000 19999998
124032 19999998
124064 19999998
124096 19999998
124128 19999998
124160 19999998
124192 19999998
124224 19999998
124256 19999998
124288 19999998
124320 19999998
124352 19999998
124384 19999998
124416 19999998
124448 19999998
124480 19999998
124512 19999998
124544 19999998
124576 19999998
124608 19999998
124640 19999998
124672 19999998
124704 19999998
124736 19999998
124768 19999998
124800 19999998
124832 19999998
124864 19999998
124896 19999998
124928 19999998
124960 19999998
124992 19999998
125024 19999998
125056 19999998
125088 19999998
125120 19999998
125152 19999998
125184 19999998
125216 19999998
125248 19999998
125280 19999998
125312 19999998
125344 19999998
125376 19999998
125408 19999998
125440 19999998
125472 19999998
125504 19999998
125536 19999998
125568 19999998
125600 19999998
125632 19999998
125664 19999998
125696 19999999
125728 19999999
125760 19999999
125792 19999999
125824 19999999
125856 19999999
125888 19999999
125920 19999999
125952 19999999
125984 19999999
126016 19999999
126048 19999999
126080 19999999
126112 19999999
126144 19999999
126176 19999999
126208 19999999
126240 19999999
126272 19999999
126304 19999999
126336 19999999
126368 19999999
126400 19999999
126432 19999999
126464 19999999
126496 19999999
126528 19999999
126560 19999999
126592 19999999
126624 19999999
126656 19999999
126688 19999999
126720 19999999
126752 19999999
126784 19999999
126816 19999999
126848 19999999
126880 20000000
