0 0
32 0
64 0
96 0
128 0
160 0
192 0
224 0
256 0
288 0
320 0
352 0
384 0
416 0
448 0
480 0
512 0
544 0
576 0
608 0
640 0
672 0
704 0
736 0
768 0
800 0
832 0
864 0
896 0
928 0
960 0
992 0
1024 0
1056 0
1088 0
1120 0
1152 0
1184 0
1216 0
1248 0
1280 0
1312 0
1344 0
1376 0
1408 0
1440 0
1472 0
1504 0
1536 0
1568 0
1600 0
1632 0
1664 0
1696 0
1728 0
1760 0
1792 0
1824 0
1856 0
1888 0
1920 0
1952 0
1984 0
2016 0
2048 0
2080 0
2112 0
2144 0
2176 0
2208 0
2240 0
2272 0
2304 0
2336 0
2368 0
2400 0
2432 0
2464 0
2496 0
2528 0
2560 0
2592 0
2624 0
2656 0
2688 0
2720 0
2752 0
2784 0
2816 0
2848 0
2880 0
2912 0
2944 0
2976 0
3008 0
3040 0
3072 0
3104 0
3136 0
3168 0
3200 0
3232 0
3264 0
3296 0
3328 0
3360 0
3392 0
3424 0
3456 0
3488 0
3520 0
3552 0
3584 0
3616 0
3648 0
3680 0
3712 0
3744 0
3776 0
3808 0
3840 0
3872 0
3904 0
3936 0
3968 0
4000 0
4032 0
4064 0
4096 0
4128 0
4160 0
4192 0
4224 0
4256 0
4288 0
4320 0
4352 0
4384 0
4416 0
4448 0
4480 0
4512 0
4544 0
4576 0
4608 0
4640 0
4672 0
4704 0
4736 0
4768 0
4800 0
4832 0
4864 0
4896 0
4928 0
4960 0
4992 0
5024 0
5056 0
5088 0
5120 0
5152 0
5184 0
5216 0
5248 0
5280 0
5312 0
5344 0
5376 0
5408 0
5440 0
5472 0
5504 0
5536 0
5568 0
5600 0
5632 0
5664 0
5696 0
5728 0
5760 0
5792 0
5824 0
5856 0
5888 0
5920 0
5952 0
5984 0
6016 0
6048 0
6080 0
6112 0
6144 0
6176 0
6208 0
6240 0
6272 0
6304 0
6336 0
6368 0
6400 0
6432 0
6464 0
6496 0
6528 0
6560 0
6592 0
6624 0
6656 0
6688 0
6720 0
6752 0
6784 0
6816 0
6848 0
6880 0
6912 0
6944 0
6976 0
7008 0
7040 0
7072 0
7104 0
7136 0
7168 0
7200 0
7232 0
7264 0
7296 0
7328 0
7360 0
7392 0
7424 0
7456 0
7488 0
7520 0
7552 0
7584 0
7616 0
7648 0
7680 0
7712 0
7744 0
7776 0
7808 0
7840 0
7872 0
7904 0
7936 0
7968 0
8000 0
8032 0
8064 0
8096 0
8128 0
8160 0
8192 0
8224 0
8256 0
8288 0
8320 0
8352 0
8384 0
8416 0
8448 0
8480 0
8512 0
8544 0
8576 0
8608 0
8640 0
8672 0
8704 0
8736 0
8768 0
8800 0
8832 0
8864 0
8896 0
8928 0
8960 0
8992 0
9024 0
9056 0
9088 0
9120 0
9152 0
9184 0
9216 0
9248 57
9280 217
9312 419
9344 2093
9376 3334
9408 5289
9440 6876
9472 7287
9504 7297
9536 7297
9568 7297
9600 7297
9632 7297
9664 7297
9696 7298
9728 7298
9760 7298
9792 7298
9824 7298
9856 7298
9888 7298
9920 7298
9952 7298
9984 7298
10016 7298
10048 7298
10080 7299
10112 7300
10144 7300
10176 7300
10208 7300
10240 7300
10272 7300
10304 7300
10336 7300
10368 7300
10400 7300
10432 7300
10464 7300
10496 7300
10528 7300
10560 7300
10592 7300
10624 7300
10656 7300
10688 7300
10720 7300
10752 7300
10784 7301
10816 7301
10848 7301
10880 7301
10912 7303
10944 7329
10976 7646
11008 7892
11040 7925
11072 7930
11104 7936
11136 7938
11168 7944
11200 7957
11232 7979
11264 7997
11296 8015
11328 8037
11360 8059
11392 8082
11424 8110
11456 8161
11488 8208
11520 8279
11552 8362
11584 8486
11616 8628
11648 8681
11680 8724
11712 8751
11744 8792
11776 8835
11808 8871
11840 8897
11872 8921
11904 8938
11936 8953
11968 8967
12000 8982
12032 8994
12064 9002
12096 9014
12128 9028
12160 9045
12192 9053
12224 9061
12256 9064
12288 9069
12320 9080
12352 9084
12384 9089
12416 9096
12448 9100
12480 9102
12512 9103
12544 9110
12576 9112
12608 9114
12640 9119
12672 9123
12704 9125
12736 9129
12768 9133
12800 9142
12832 9148
12864 9157
12896 9180
12928 9208
12960 9231
12992 9274
13024 9306
13056 9327
13088 9359
13120 9415
13152 9494
13184 9607
13216 9766
13248 9939
13280 10141
13312 10383
13344 10625
13376 10823
13408 11043
13440 11198
13472 11319
13504 11384
13536 11465
13568 11527
13600 11575
13632 11600
13664 11628
13696 11641
13728 11657
13760 11670
13792 11673
13824 11676
13856 11683
13888 11686
13920 11688
13952 11689
13984 11690
14016 11690
14048 11690
14080 11690
14112 11691
14144 11692
14176 11692
14208 11692
14240 11693
14272 11693
14304 11693
14336 11693
14368 11693
14400 11694
14432 11694
14464 11694
14496 11694
14528 11694
14560 11694
14592 11694
14624 11694
14656 11694
14688 11696
14720 11697
14752 11702
14784 11713
14816 11719
14848 11739
14880 11769
14912 11801
14944 11852
14976 11926
15008 12000
15040 12070
15072 12146
15104 12236
15136 12351
15168 12470
15200 12583
15232 12705
15264 12820
15296 12926
15328 13024
15360 13129
15392 13251
15424 13342
15456 13439
15488 13529
15520 13612
15552 13686
15584 13773
15616 13862
15648 13942
15680 14017
15712 14093
15744 14152
15776 14198
15808 14241
15840 14295
15872 14347
15904 14386
15936 14421
15968 14444
16000 14475
16032 14493
16064 14513
16096 14526
16128 14545
16160 14556
16192 14564
16224 14569
16256 14576
16288 14579
16320 14582
16352 14584
16384 14584
16416 14586
16448 14587
16480 14589
16512 14591
16544 14591
16576 14591
16608 14591
16640 14591
16672 14591
16704 14591
16736 14591
16768 14591
16800 14591
16832 14591
16864 14591
16896 14591
16928 14591
16960 14591
16992 14591
17024 14591
17056 14591
17088 14591
17120 14591
17152 14591
17184 14591
17216 14591
17248 14591
17280 14591
17312 14591
17344 14591
17376 14591
17408 14591
17440 14591
17472 14591
17504 14591
17536 14591
17568 14591
17600 14591
17632 14591
17664 14591
17696 14591
17728 14591
17760 14591
17792 14591
17824 14591
17856 14591
17888 14591
17920 14591
17952 14591
17984 14591
18016 14592
18048 14592
18080 14592
18112 14592
18144 14592
18176 14592
18208 14592
18240 14592
18272 14592
18304 14592
18336 14592
18368 14592
18400 14592
18432 14592
18464 14592
18496 14592
18528 14592
18560 14592
18592 14592
18624 14592
18656 14592
18688 14592
18720 14592
18752 14592
18784 14592
18816 14592
18848 14592
18880 14592
18912 14592
18944 14592
18976 14592
19008 14592
19040 14592
19072 14592
19104 14592
19136 14592
19168 14592
19200 14593
19232 14594
19264 14596
19296 14597
19328 14598
19360 14600
19392 14608
19424 14611
19456 14615
19488 14621
19520 14636
19552 14657
19584 14693
19616 14738
19648 14792
19680 14868
19712 14966
19744 15049
19776 15138
19808 15232
19840 15320
19872 15447
19904 15594
19936 15729
19968 15878
20000 16028
20032 16147
20064 16265
20096 16359
20128 16446
20160 16529
20192 16601
20224 16665
20256 16716
20288 16748
20320 16792
20352 16846
20384 16897
20416 16948
20448 16994
20480 17068
20512 17167
20544 17341
20576 17775
20608 18850
20640 21194
20672 25983
20704 35868
20736 53417
20768 82242
20800 127755
20832 194043
20864 288083
20896 406468
20928 563100
20960 764230
20992 1042831
21024 1470681
21056 2052343
21088 2847709
21120 3769174
21152 4826233
21184 6063518
21216 7291836
21248 8549189
21280 9696092
21312 10744291
21344 11639367
21376 12368424
21408 13058044
21440 13673439
21472 14237639
21504 14763374
21536 15212838
21568 15617252
21600 15950605
21632 16263891
21664 16547323
21696 16804479
21728 17053855
21760 17274794
21792 17487028
21824 17683244
21856 17864909
21888 18040944
21920 18195272
21952 18345390
21984 18479235
22016 18602078
22048 18717097
22080 18817440
22112 18914320
22144 18998585
22176 19076277
22208 19146832
22240 19208521
22272 19268609
22304 19320451
22336 19369720
22368 19414539
22400 19453978
22432 19492523
22464 19526624
22496 19559539
22528 19589640
22560 19616595
22592 19642786
22624 19665890
22656 19687937
22688 19708227
22720 19727125
22752 19745185
22784 19761163
22816 19777022
22848 19791364
22880 19804738
22912 19817474
22944 19828616
22976 19839586
23008 19849327
23040 19858416
23072 19866850
23104 19874535
23136 19881878
23168 19888494
23200 19894793
23232 19900587
23264 19905786
23296 19910783
23328 19914978
23360 19918990
23392 19922578
23424 19925775
23456 19928760
23488 19931188
23520 19933615
23552 19935778
23584 19937575
23616 19939253
23648 19940573
23680 19941824
23712 19942884
23744 19943850
23776 19944650
23808 19945305
23840 19945903
23872 19946379
23904 19946853
23936 19947234
23968 19947565
24000 19947848
24032 19948128
24064 19948343
24096 19948548
24128 19948700
24160 19948846
24192 19948975
24224 19949106
24256 19949213
24288 19949310
24320 19949399
24352 19949469
24384 19949549
24416 19949632
24448 19949702
24480 19949779
24512 19949831
24544 19949890
24576 19949950
24608 19949995
24640 19950073
24672 19950139
24704 19950195
24736 19950255
24768 19950307
24800 19950353
24832 19950404
24864 19950460
24896 19950496
24928 19950551
24960 19950602
24992 19950651
25024 19950699
25056 19950743
25088 19950789
25120 19950854
25152 19950885
25184 19950937
25216 19950979
25248 19951030
25280 19951068
25312 19951103
25344 19951150
25376 19951185
25408 19951232
25440 19951269
25472 19951323
25504 19951367
25536 19951410
25568 19951448
25600 19951499
25632 19951530
25664 19951566
25696 19951613
25728 19951663
25760 19951700
25792 19951748
25824 19951780
25856 19951815
25888 19951858
25920 19951898
25952 19951929
25984 19951967
26016 19952001
26048 19952044
26080 19952083
26112 19952121
26144 19952165
26176 19952199
26208 19952237
26240 19952286
26272 19952319
26304 19952352
26336 19952382
26368 19952413
26400 19952448
26432 19952481
26464 19952508
26496 19952539
26528 19952572
26560 19952601
26592 19952629
26624 19952656
26656 19952681
26688 19952715
26720 19952736
26752 19952770
26784 19952795
26816 19952829
26848 19952858
26880 19952879
26912 19952898
26944 19952919
26976 19952960
27008 19952983
27040 19953008
27072 19953037
27104 19953080
27136 19953099
27168 19953127
27200 19953159
27232 19953184
27264 19953214
27296 19953234
27328 19953258
27360 19953287
27392 19953318
27424 19953342
27456 19953374
27488 19953403
27520 19953430
27552 19953446
27584 19953470
27616 19953496
27648 19953512
27680 19953539
27712 19953561
27744 19953580
27776 19953605
27808 19953625
27840 19953655
27872 19953677
27904 19953705
27936 19953728
27968 19953755
28000 19953790
28032 19953817
28064 19953841
28096 19953870
28128 19953896
28160 19953930
28192 19953959
28224 19953986
28256 19954016
28288 19954035
28320 19954063
28352 19954098
28384 19954140
28416 19954171
28448 19954203
28480 19954236
28512 19954259
28544 19954292
28576 19954328
28608 19954360
28640 19954386
28672 19954422
28704 19954464
28736 19954498
28768 19954530
28800 19954563
28832 19954598
28864 19954629
28896 19954652
28928 19954673
28960 19954698
28992 19954732
29024 19954763
29056 19954791
29088 19954823
29120 19954849
29152 19954882
29184 19954917
29216 19954949
29248 19954974
29280 19954998
29312 19955026
29344 19955058
29376 19955088
29408 19955119
29440 19955146
29472 19955175
29504 19955217
29536 19955248
29568 19955273
29600 19955302
29632 19955338
29664 19955374
29696 19955405
29728 19955443
29760 19955479
29792 19955512
29824 19955549
29856 19955586
29888 19955629
29920 19955654
29952 19955687
29984 19955713
30016 19955747
30048 19955790
30080 19955805
30112 19955837
30144 19955870
30176 19955907
30208 19955939
30240 19955972
30272 19956004
30304 19956032
30336 19956058
30368 19956092
30400 19956123
30432 19956155
30464 19956184
30496 19956208
30528 19956238
30560 19956261
30592 19956289
30624 19956314
30656 19956351
30688 19956377
30720 19956410
30752 19956446
30784 19956474
30816 19956509
30848 19956532
30880 19956563
30912 19956591
30944 19956606
30976 19956638
31008 19956660
31040 19956685
31072 19956706
31104 19956726
31136 19956749
31168 19956783
31200 19956807
31232 19956838
31264 19956859
31296 19956897
31328 19956916
31360 19956943
31392 19956971
31424 19956992
31456 19957013
31488 19957031
31520 19957047
31552 19957078
31584 19957101
31616 19957130
31648 19957155
31680 19957172
31712 19957194
31744 19957211
31776 19957236
31808 19957261
31840 19957284
31872 19957311
31904 19957327
31936 19957350
31968 19957371
32000 19957390
32032 19957407
32064 19957428
32096 19957451
32128 19957469
32160 19957497
32192 19957517
32224 19957536
32256 19957560
32288 19957589
32320 19957609
32352 19957632
32384 19957647
32416 19957664
32448 19957683
32480 19957694
32512 19957709
32544 19957727
32576 19957743
32608 19957765
32640 19957779
32672 19957793
32704 19957804
32736 19957822
32768 19957838
32800 19957850
32832 19957867
32864 19957882
32896 19957897
32928 19957915
32960 19957932
32992 19957953
33024 19957978
33056 19957993
33088 19958010
33120 19958029
33152 19958048
33184 19958061
33216 19958083
33248 19958098
33280 19958112
33312 19958129
33344 19958137
33376 19958153
33408 19958169
33440 19958184
33472 19958202
33504 19958225
33536 19958246
33568 19958261
33600 19958284
33632 19958303
33664 19958323
33696 19958337
33728 19958360
33760 19958378
33792 19958388
33824 19958404
33856 19958420
33888 19958443
33920 19958463
33952 19958482
33984 19958495
34016 19958512
34048 19958529
34080 19958548
34112 19958571
34144 19958589
34176 19958605
34208 19958623
34240 19958644
34272 19958656
34304 19958676
34336 19958691
34368 19958703
34400 19958711
34432 19958730
34464 19958749
34496 19958762
34528 19958779
34560 19958802
34592 19958815
34624 19958836
34656 19958849
34688 19958870
34720 19958879
34752 19958894
34784 19958907
34816 19958918
34848 19958926
34880 19958942
34912 19958965
34944 19958986
34976 19958996
35008 19959008
35040 19959022
35072 19959034
35104 19959048
35136 19959062
35168 19959088
35200 19959101
35232 19959116
35264 19959131
35296 19959142
35328 19959165
35360 19959180
35392 19959192
35424 19959201
35456 19959213
35488 19959225
35520 19959241
35552 19959256
35584 19959272
35616 19959284
35648 19959297
35680 19959313
35712 19959334
35744 19959356
35776 19959375
35808 19959394
35840 19959413
35872 19959430
35904 19959455
35936 19959467
35968 19959486
36000 19959504
36032 19959522
36064 19959537
36096 19959561
36128 19959581
36160 19959597
36192 19959612
36224 19959628
36256 19959647
36288 19959666
36320 19959685
36352 19959702
36384 19959713
36416 19959730
36448 19959746
36480 19959772
36512 19959790
36544 19959807
36576 19959820
36608 19959842
36640 19959859
36672 19959871
36704 19959896
36736 19959914
36768 19959931
36800 19959956
36832 19959972
36864 19959987
36896 19960002
36928 19960022
36960 19960033
36992 19960048
37024 19960068
37056 19960080
37088 19960101
37120 19960120
37152 19960136
37184 19960152
37216 19960173
37248 19960193
37280 19960216
37312 19960240
37344 19960270
37376 19960286
37408 19960299
37440 19960316
37472 19960338
37504 19960363
37536 19960383
37568 19960399
37600 19960421
37632 19960433
37664 19960451
37696 19960469
37728 19960492
37760 19960510
37792 19960527
37824 19960544
37856 19960564
37888 19960595
37920 19960626
37952 19960652
37984 19960674
38016 19960697
38048 19960717
38080 19960743
38112 19960773
38144 19960796
38176 19960824
38208 19960851
38240 19960874
38272 19960894
38304 19960919
38336 19960938
38368 19960968
38400 19960986
38432 19961015
38464 19961049
38496 19961075
38528 19961102
38560 19961126
38592 19961147
38624 19961166
38656 19961189
38688 19961222
38720 19961249
38752 19961272
38784 19961296
38816 19961324
38848 19961351
38880 19961375
38912 19961404
38944 19961434
38976 19961462
39008 19961486
39040 19961510
39072 19961530
39104 19961553
39136 19961582
39168 19961605
39200 19961631
39232 19961649
39264 19961680
39296 19961703
39328 19961731
39360 19961751
39392 19961779
39424 19961810
39456 19961840
39488 19961867
39520 19961898
39552 19961934
39584 19961961
39616 19961990
39648 19962022
39680 19962049
39712 19962078
39744 19962097
39776 19962125
39808 19962161
39840 19962188
39872 19962218
39904 19962243
39936 19962276
39968 19962296
40000 19962326
40032 19962352
40064 19962383
40096 19962412
40128 19962442
40160 19962472
40192 19962501
40224 19962530
40256 19962573
40288 19962600
40320 19962637
40352 19962665
40384 19962693
40416 19962721
40448 19962746
40480 19962768
40512 19962804
40544 19962836
40576 19962866
40608 19962909
40640 19962931
40672 19962966
40704 19962996
40736 19963035
40768 19963070
40800 19963104
40832 19963138
40864 19963167
40896 19963198
40928 19963236
40960 19963274
40992 19963313
41024 19963339
41056 19963380
41088 19963411
41120 19963443
41152 19963477
41184 19963513
41216 19963537
41248 19963584
41280 19963619
41312 19963651
41344 19963680
41376 19963708
41408 19963745
41440 19963780
41472 19963805
41504 19963840
41536 19963874
41568 19963910
41600 19963955
41632 19964002
41664 19964047
41696 19964089
41728 19964132
41760 19964179
41792 19964218
41824 19964262
41856 19964302
41888 19964347
41920 19964382
41952 19964425
41984 19964468
42016 19964501
42048 19964537
42080 19964566
42112 19964612
42144 19964656
42176 19964689
42208 19964727
42240 19964776
42272 19964824
42304 19964876
42336 19964914
42368 19964957
42400 19964994
42432 19965048
42464 19965085
42496 19965121
42528 19965157
42560 19965200
42592 19965257
42624 19965292
42656 19965346
42688 19965397
42720 19965440
42752 19965502
42784 19965555
42816 19965613
42848 19965665
42880 19965715
42912 19965782
42944 19965840
42976 19965896
43008 19965943
43040 19965988
43072 19966023
43104 19966072
43136 19966123
43168 19966171
43200 19966226
43232 19966280
43264 19966333
43296 19966389
43328 19966438
43360 19966487
43392 19966536
43424 19966588
43456 19966647
43488 19966693
43520 19966734
43552 19966801
43584 19966865
43616 19966927
43648 19966996
43680 19967043
43712 19967114
43744 19967176
43776 19967240
43808 19967312
43840 19967376
43872 19967446
43904 19967501
43936 19967552
43968 19967613
44000 19967681
44032 19967745
44064 19967794
44096 19967857
44128 19967903
44160 19967973
44192 19968035
44224 19968113
44256 19968187
44288 19968240
44320 19968305
44352 19968384
44384 19968448
44416 19968514
44448 19968583
44480 19968652
44512 19968717
44544 19968783
44576 19968847
44608 19968906
44640 19968958
44672 19969013
44704 19969076
44736 19969141
44768 19969212
44800 19969275
44832 19969352
44864 19969425
44896 19969472
44928 19969548
44960 19969620
44992 19969694
45024 19969769
45056 19969830
45088 19969890
45120 19969954
45152 19970023
45184 19970082
45216 19970152
45248 19970221
45280 19970280
45312 19970352
45344 19970424
45376 19970486
45408 19970551
45440 19970607
45472 19970678
45504 19970754
45536 19970827
45568 19970901
45600 19970976
45632 19971048
45664 19971117
45696 19971186
45728 19971252
45760 19971314
45792 19971388
45824 19971468
45856 19971544
45888 19971606
45920 19971664
45952 19971747
45984 19971827
46016 19971906
46048 19971979
46080 19972055
46112 19972126
46144 19972199
46176 19972264
46208 19972366
46240 19972424
46272 19972500
46304 19972573
46336 19972660
46368 19972752
46400 19972841
46432 19972922
46464 19972998
46496 19973074
46528 19973150
46560 19973228
46592 19973298
46624 19973383
46656 19973478
46688 19973551
46720 19973631
46752 19973704
46784 19973780
46816 19973851
46848 19973922
46880 19973998
46912 19974081
46944 19974167
46976 19974251
47008 19974329
47040 19974402
47072 19974487
47104 19974562
47136 19974642
47168 19974730
47200 19974816
47232 19974886
47264 19974977
47296 19975064
47328 19975154
47360 19975230
47392 19975318
47424 19975406
47456 19975488
47488 19975578
47520 19975669
47552 19975754
47584 19975836
47616 19975915
47648 19975994
47680 19976095
47712 19976186
47744 19976268
47776 19976362
47808 19976450
47840 19976539
47872 19976619
47904 19976710
47936 19976789
47968 19976872
48000 19976961
48032 19977054
48064 19977137
48096 19977219
48128 19977304
48160 19977397
48192 19977471
48224 19977551
48256 19977645
48288 19977726
48320 19977812
48352 19977896
48384 19977996
48416 19978085
48448 19978181
48480 19978263
48512 19978352
48544 19978429
48576 19978506
48608 19978597
48640 19978699
48672 19978784
48704 19978859
48736 19978944
48768 19979035
48800 19979135
48832 19979203
48864 19979289
48896 19979375
48928 19979465
48960 19979550
48992 19979630
49024 19979716
49056 19979796
49088 19979889
49120 19979975
49152 19980050
49184 19980145
49216 19980222
49248 19980311
49280 19980397
49312 19980479
49344 19980545
49376 19980628
49408 19980709
49440 19980788
49472 19980876
49504 19980971
49536 19981060
49568 19981167
49600 19981255
49632 19981351
49664 19981438
49696 19981521
49728 19981604
49760 19981683
49792 19981758
49824 19981847
49856 19981919
49888 19981996
49920 19982066
49952 19982153
49984 19982223
50016 19982286
50048 19982355
50080 19982424
50112 19982512
50144 19982594
50176 19982674
50208 19982766
50240 19982837
50272 19982909
50304 19982980
50336 19983059
50368 19983138
50400 19983204
50432 19983274
50464 19983346
50496 19983433
50528 19983510
50560 19983577
50592 19983655
50624 19983717
50656 19983800
50688 19983873
50720 19983941
50752 19984015
50784 19984085
50816 19984163
50848 19984244
50880 19984308
50912 19984390
50944 19984457
50976 19984527
51008 19984606
51040 19984691
51072 19984763
51104 19984836
51136 19984921
51168 19984986
51200 19985073
51232 19985144
51264 19985211
51296 19985297
51328 19985360
51360 19985449
51392 19985525
51424 19985595
51456 19985679
51488 19985761
51520 19985837
51552 19985921
51584 19985993
51616 19986078
51648 19986154
51680 19986234
51712 19986318
51744 19986401
51776 19986485
51808 19986556
51840 19986623
51872 19986692
51904 19986769
51936 19986863
51968 19986935
52000 19987002
52032 19987085
52064 19987169
52096 19987234
52128 19987297
52160 19987374
52192 19987433
52224 19987516
52256 19987590
52288 19987671
52320 19987735
52352 19987820
52384 19987901
52416 19987970
52448 19988029
52480 19988094
52512 19988150
52544 19988212
52576 19988276
52608 19988337
52640 19988404
52672 19988460
52704 19988530
52736 19988596
52768 19988669
52800 19988726
52832 19988795
52864 19988848
52896 19988919
52928 19988980
52960 19989043
52992 19989086
53024 19989159
53056 19989213
53088 19989265
53120 19989322
53152 19989377
53184 19989430
53216 19989490
53248 19989543
53280 19989607
53312 19989663
53344 19989720
53376 19989773
53408 19989835
53440 19989877
53472 19989933
53504 19989996
53536 19990042
53568 19990103
53600 19990179
53632 19990228
53664 19990307
53696 19990368
53728 19990412
53760 19990471
53792 19990531
53824 19990597
53856 19990644
53888 19990710
53920 19990770
53952 19990807
53984 19990863
54016 19990909
54048 19990964
54080 19991020
54112 19991076
54144 19991116
54176 19991180
54208 19991233
54240 19991299
54272 19991352
54304 19991398
54336 19991451
54368 19991518
54400 19991566
54432 19991625
54464 19991672
54496 19991732
54528 19991777
54560 19991851
54592 19991916
54624 19991964
54656 19992022
54688 19992073
54720 19992135
54752 19992179
54784 19992231
54816 19992276
54848 19992333
54880 19992379
54912 19992420
54944 19992461
54976 19992520
55008 19992568
55040 19992625
55072 19992676
55104 19992721
55136 19992778
55168 19992829
55200 19992885
55232 19992944
55264 19992981
55296 19993039
55328 19993075
55360 19993109
55392 19993145
55424 19993186
55456 19993232
55488 19993274
55520 19993318
55552 19993374
55584 19993406
55616 19993451
55648 19993494
55680 19993528
55712 19993572
55744 19993622
55776 19993665
55808 19993705
55840 19993758
55872 19993802
55904 19993844
55936 19993880
55968 19993930
56000 19993986
56032 19994035
56064 19994078
56096 19994115
56128 19994158
56160 19994209
56192 19994252
56224 19994284
56256 19994329
56288 19994366
56320 19994399
56352 19994437
56384 19994478
56416 19994516
56448 19994561
56480 19994591
56512 19994641
56544 19994675
56576 19994718
56608 19994751
56640 19994787
56672 19994820
56704 19994865
56736 19994902
56768 19994934
56800 19994973
56832 19995002
56864 19995042
56896 19995079
56928 19995112
56960 19995144
56992 19995187
57024 19995223
57056 19995255
57088 19995288
57120 19995321
57152 19995357
57184 19995381
57216 19995401
57248 19995430
57280 19995463
57312 19995502
57344 19995530
57376 19995563
57408 19995594
57440 19995630
57472 19995656
57504 19995697
57536 19995723
57568 19995752
57600 19995790
57632 19995823
57664 19995854
57696 19995891
57728 19995931
57760 19995961
57792 19996004
57824 19996035
57856 19996069
57888 19996097
57920 19996125
57952 19996162
57984 19996184
58016 19996224
58048 19996255
58080 19996279
58112 19996308
58144 19996339
58176 19996363
58208 19996392
58240 19996417
58272 19996436
58304 19996464
58336 19996496
58368 19996525
58400 19996552
58432 19996583
58464 19996617
58496 19996643
58528 19996671
58560 19996700
58592 19996726
58624 19996751
58656 19996777
58688 19996804
58720 19996823
58752 19996852
58784 19996872
58816 19996901
58848 19996919
58880 19996946
58912 19996972
58944 19996995
58976 19997015
59008 19997034
59040 19997060
59072 19997089
59104 19997116
59136 19997143
59168 19997169
59200 19997186
59232 19997202
59264 19997218
59296 19997229
59328 19997243
59360 19997265
59392 19997278
59424 19997295
59456 19997316
59488 19997339
59520 19997355
59552 19997373
59584 19997394
59616 19997416
59648 19997440
59680 19997461
59712 19997470
59744 19997490
59776 19997505
59808 19997529
59840 19997551
59872 19997567
59904 19997586
59936 19997611
59968 19997632
60000 19997648
60032 19997665
60064 19997683
60096 19997696
60128 19997707
60160 19997728
60192 19997746
60224 19997764
60256 19997777
60288 19997797
60320 19997807
60352 19997818
60384 19997829
60416 19997847
60448 19997864
60480 19997881
60512 19997898
60544 19997923
60576 19997936
60608 19997949
60640 19997964
60672 19997972
60704 19997986
60736 19997995
60768 19998005
60800 19998019
60832 19998032
60864 19998041
60896 19998058
60928 19998069
60960 19998083
60992 19998096
61024 19998108
61056 19998119
61088 19998131
61120 19998140
61152 19998153
61184 19998163
61216 19998175
61248 19998192
61280 19998211
61312 19998220
61344 19998232
61376 19998245
61408 19998255
61440 19998268
61472 19998274
61504 19998292
61536 19998305
61568 19998315
61600 19998321
61632 19998334
61664 19998344
61696 19998357
61728 19998366
61760 19998378
61792 19998398
61824 19998410
61856 19998426
61888 19998446
61920 19998458
61952 19998470
61984 19998479
62016 19998495
62048 19998508
62080 19998518
62112 19998530
62144 19998540
62176 19998553
62208 19998558
62240 19998572
62272 19998581
62304 19998590
62336 19998601
62368 19998610
62400 19998619
62432 19998628
62464 19998638
62496 19998644
62528 19998656
62560 19998664
62592 19998673
62624 19998688
62656 19998696
62688 19998701
62720 19998715
62752 19998718
62784 19998729
62816 19998738
62848 19998744
62880 19998756
62912 19998764
62944 19998772
62976 19998782
63008 19998791
63040 19998796
63072 19998808
63104 19998821
63136 19998831
63168 19998842
63200 19998851
63232 19998857
63264 19998862
63296 19998873
63328 19998883
63360 19998893
63392 19998898
63424 19998903
63456 19998916
63488 19998924
63520 19998930
63552 19998937
63584 19998948
63616 19998954
63648 19998964
63680 19998970
63712 19998976
63744 19998982
63776 19998995
63808 19999002
63840 19999014
63872 19999019
63904 19999027
63936 19999035
63968 19999037
64000 19999047
64032 19999059
64064 19999065
64096 19999070
64128 19999077
64160 19999085
64192 19999091
64224 19999099
64256 19999106
64288 19999112
64320 19999121
64352 19999129
64384 19999140
64416 19999146
64448 19999153
64480 19999166
64512 19999167
64544 19999169
64576 19999177
64608 19999185
64640 19999197
64672 19999204
64704 19999211
64736 19999215
64768 19999218
64800 19999226
64832 19999235
64864 19999240
64896 19999244
64928 19999250
64960 19999262
64992 19999270
65024 19999280
65056 19999291
65088 19999298
65120 19999303
65152 19999306
65184 19999311
65216 19999317
65248 19999322
65280 19999327
65312 19999335
65344 19999344
65376 19999351
65408 19999355
65440 19999360
65472 19999363
65504 19999370
65536 19999373
65568 19999376
65600 19999379
65632 19999386
65664 19999391
65696 19999397
65728 19999399
65760 19999404
65792 19999408
65824 19999418
65856 19999421
65888 19999425
65920 19999430
65952 19999437
65984 19999442
66016 19999447
66048 19999450
66080 19999455
66112 19999458
66144 19999463
66176 19999469
66208 19999475
66240 19999477
66272 19999479
66304 19999485
66336 19999489
66368 19999498
66400 19999500
66432 19999505
66464 19999508
66496 19999515
66528 19999516
66560 19999520
66592 19999524
66624 19999529
66656 19999536
66688 19999537
66720 19999545
66752 19999551
66784 19999555
66816 19999556
66848 19999558
66880 19999561
66912 19999566
66944 19999570
66976 19999576
67008 19999584
67040 19999590
67072 19999595
67104 19999595
67136 19999600
67168 19999604
67200 19999607
67232 19999610
67264 19999614
67296 19999615
67328 19999619
67360 19999621
67392 19999625
67424 19999627
67456 19999628
67488 19999635
67520 19999638
67552 19999644
67584 19999647
67616 19999651
67648 19999656
67680 19999661
67712 19999662
67744 19999668
67776 19999670
67808 19999676
67840 19999679
67872 19999681
67904 19999683
67936 19999687
67968 19999689
68000 19999696
68032 19999698
68064 19999699
68096 19999702
68128 19999707
68160 19999709
68192 19999713
68224 19999716
68256 19999718
68288 19999724
68320 19999724
68352 19999727
68384 19999729
68416 19999734
68448 19999736
68480 19999738
68512 19999745
68544 19999746
68576 19999747
68608 19999749
68640 19999752
68672 19999755
68704 19999757
68736 19999757
68768 19999762
68800 19999765
68832 19999768
68864 19999769
68896 19999770
68928 19999775
68960 19999777
68992 19999779
69024 19999784
69056 19999786
69088 19999787
69120 19999788
69152 19999790
69184 19999793
69216 19999794
69248 19999794
69280 19999794
69312 19999795
69344 19999796
69376 19999798
69408 19999799
69440 19999800
69472 19999802
69504 19999805
69536 19999809
69568 19999811
69600 19999814
69632 19999815
69664 19999817
69696 19999820
69728 19999823
69760 19999825
69792 19999828
69824 19999829
69856 19999829
69888 19999834
69920 19999836
69952 19999837
69984 19999838
70016 19999839
70048 19999839
70080 19999839
70112 19999841
70144 19999842
70176 19999843
70208 19999844
70240 19999845
70272 19999846
70304 19999849
70336 19999852
70368 19999855
70400 19999855
70432 19999858
70464 19999859
70496 19999861
70528 19999861
70560 19999864
70592 19999864
70624 19999866
70656 19999867
70688 19999867
70720 19999867
70752 19999868
70784 19999871
70816 19999875
70848 19999876
70880 19999879
70912 19999880
70944 19999880
70976 19999883
71008 19999883
71040 19999886
71072 19999890
71104 19999893
71136 19999896
71168 19999896
71200 19999899
71232 19999900
71264 19999905
71296 19999907
71328 19999908
71360 19999908
71392 19999909
71424 19999910
71456 19999910
71488 19999911
71520 19999913
71552 19999914
71584 19999915
71616 19999919
71648 19999921
71680 19999924
71712 19999925
71744 19999926
71776 19999926
71808 19999928
71840 19999932
71872 19999933
71904 19999933
71936 19999933
71968 19999934
72000 19999934
72032 19999937
72064 19999937
72096 19999937
72128 19999938
72160 19999939
72192 19999939
72224 19999939
72256 19999939
72288 19999940
72320 19999940
72352 19999940
72384 19999941
72416 19999942
72448 19999943
72480 19999943
72512 19999944
72544 19999944
72576 19999945
72608 19999946
72640 19999947
72672 19999947
72704 19999947
72736 19999948
72768 19999949
72800 19999949
72832 19999952
72864 19999952
72896 19999952
72928 19999953
72960 19999953
72992 19999953
73024 19999953
73056 19999953
73088 19999954
73120 19999954
73152 19999954
73184 19999954
73216 19999958
73248 19999958
73280 19999958
73312 19999958
73344 19999959
73376 19999963
73408 19999963
73440 19999963
73472 19999964
73504 19999966
73536 19999966
73568 19999966
73600 19999966
73632 19999966
73664 19999966
73696 19999966
73728 19999966
73760 19999967
73792 19999967
73824 19999967
73856 19999968
73888 19999970
73920 19999971
73952 19999971
73984 19999973
74016 19999974
74048 19999974
74080 19999974
74112 19999974
74144 19999974
74176 19999974
74208 19999974
74240 19999974
74272 19999975
74304 19999975
74336 19999976
74368 19999976
74400 19999977
74432 19999977
74464 19999977
74496 19999977
74528 19999977
74560 19999977
74592 19999977
74624 19999977
74656 19999978
74688 19999978
74720 19999979
74752 19999980
74784 19999980
74816 19999980
74848 19999980
74880 19999980
74912 19999980
74944 19999981
74976 19999981
75008 19999981
75040 19999982
75072 19999984
75104 19999985
75136 19999985
75168 19999985
75200 19999986
75232 19999986
75264 19999986
75296 19999987
75328 19999987
75360 19999988
75392 19999989
75424 19999989
75456 19999989
75488 19999989
75520 19999989
75552 19999989
75584 19999989
75616 19999989
75648 19999989
75680 19999989
75712 19999989
75744 19999989
75776 19999989
75808 19999989
75840 19999989
75872 19999989
75904 19999989
75936 19999990
75968 19999990
76000 19999990
76032 19999990
76064 19999991
76096 19999991
76128 19999991
76160 19999991
76192 19999992
76224 19999992
76256 19999992
76288 19999992
76320 19999992
76352 19999992
76384 19999992
76416 19999992
76448 19999993
76480 19999993
76512 19999993
76544 19999993
76576 19999993
76608 19999993
76640 19999993
76672 19999993
76704 19999993
76736 19999993
76768 19999993
76800 19999994
76832 19999994
76864 19999994
76896 19999994
76928 19999994
76960 19999995
76992 19999995
77024 19999995
77056 19999995
77088 19999995
77120 19999995
77152 19999995
77184 19999995
77216 19999995
77248 19999995
77280 19999995
77312 19999995
77344 19999995
77376 19999995
77408 19999995
77440 19999995
77472 19999995
77504 19999995
77536 19999995
77568 19999995
77600 19999995
77632 19999996
77664 19999996
77696 19999996
77728 19999996
77760 19999996
77792 19999996
77824 19999996
77856 19999996
77888 19999997
77920 19999997
77952 19999998
77984 19999998
78016 19999998
78048 19999998
78080 19999998
78112 19999998
78144 19999998
78176 19999998
78208 19999998
78240 19999998
78272 19999998
78304 19999998
78336 19999998
78368 19999998
78400 19999998
78432 19999999
78464 19999999
78496 19999999
78528 19999999
78560 19999999
78592 19999999
78624 19999999
78656 19999999
78688 19999999
78720 19999999
78752 19999999
78784 19999999
78816 19999999
78848 19999999
78880 19999999
78912 19999999
78944 19999999
78976 19999999
79008 19999999
79040 19999999
79072 19999999
79104 19999999
79136 19999999
79168 19999999
79200 19999999
79232 19999999
79264 19999999
79296 19999999
79328 19999999
79360 19999999
79392 19999999
79424 19999999
79456 19999999
79488 19999999
79520 19999999
79552 19999999
79584 19999999
79616 19999999
79648 19999999
79680 19999999
79712 19999999
79744 19999999
79776 19999999
79808 19999999
79840 19999999
79872 19999999
79904 19999999
79936 19999999
79968 19999999
80000 19999999
80032 19999999
80064 19999999
80096 19999999
80128 19999999
80160 20000000
