2 0.54 0.28 0.52 0.27 0.51 0.26
3 0.76 0.41 0.73 0.4 0.71 0.39
4 0.92 0.54 0.89 0.52 0.86 0.5
5 1.0 0.66 0.93 0.62 0.89 0.61
6 1.0 0.77 0.94 0.73 0.9 0.71
7 1.0 0.85 0.94 0.82 0.91 0.79
8 1.0 0.95 0.94 0.89 0.91 0.85
9 1.0 1.0 0.94 0.91 0.91 0.86
10 1.0 1.0 0.94 0.92 0.91 0.87
20 1.0 1.0 0.94 0.92 0.91 0.87
30 1.0 1.0 0.94 0.92 0.91 0.87
40 1.0 1.0 0.94 0.92 0.91 0.87
50 1.0 1.0 0.94 0.92 0.91 0.87
60 1.0 1.0 0.94 0.92 0.91 0.87
80 1.0 1.0 0.94 0.92 0.91 0.87
100 1.0 1.0 0.94 0.92 0.91 0.87
120 1.0 1.0 0.94 0.92 0.91 0.87
140 1.0 1.0 0.94 0.92 0.91 0.87
160 1.0 1.0 0.94 0.92 0.91 0.87
180 1.0 1.0 0.94 0.92 0.91 0.87
200 1.0 1.0 0.94 0.92 0.91 0.87
