0.2 100000 99366 86681 100000 100000 100000 96618 96414 96276
0.21 100000 99313 86543 100000 100000 100000 96106 95893 95739
0.22 100000 99285 85921 100000 100000 100000 95633 95391 95222
0.23 100000 99147 85027 100000 100000 100000 94845 94584 94441
0.24 100000 99044 84549 100000 100000 100000 94235 93933 93720
0.25 100000 98984 84091 100000 100000 100000 93434 93132 92932
0.26 100000 98893 83581 100000 100000 100000 92840 92544 92345
0.27 100000 98708 82932 100000 100000 100000 92111 91783 91557
0.28 100000 98548 82165 100000 100000 100000 91412 91072 90849
0.29 100000 98436 81392 100000 100000 100000 90357 89963 89705
0.3 100000 98286 80954 100000 100000 100000 89802 89487 89276
0.31 100000 98025 80032 100000 100000 100000 88730 88332 88110
0.32 100000 97765 79409 100000 100000 100000 88196 87816 87603
0.33 100000 97567 78819 100000 100000 100000 87388 86985 86735
0.34 100000 97337 78102 100000 100000 100000 86663 86268 85993
0.35 100000 96945 77149 100000 100000 100000 85608 85224 84963
0.36 100000 96687 76391 100000 100000 100000 84547 84111 83835
0.37 100000 96210 75695 100000 100000 100000 83943 83500 83211
0.38 100000 95819 74312 100000 100000 100000 82730 82293 82016
0.39 100000 95463 73649 100000 100000 100000 82091 81665 81374
0.4 100000 94878 72755 100000 100000 100000 81094 80650 80356
0.41 100000 94340 71645 100000 100000 100000 80008 79528 79231
0.42 100000 93614 70593 100000 100000 100000 79308 78833 78540
0.43 100000 93194 69746 100000 100000 100000 78666 78177 77892
0.44 100000 92427 68793 100000 100000 100000 77363 76859 76552
0.45 100000 91876 67396 100000 99999 99999 76611 76073 75731
0.46 100000 91052 66119 100000 100000 100000 75208 74722 74419
0.47 100000 90318 64934 100000 100000 99999 74408 73904 73570
0.48 100000 89903 64174 99999 99999 99999 73445 72963 72642
0.49 100000 88896 62744 100000 100000 100000 72613 72071 71737
0.5 100000 88022 61539 99999 99999 99999 71538 71021 70683
0.51 100000 87246 59944 99998 99998 99998 70496 69966 69611
0.52 100000 86419 58775 100000 99999 99999 69780 69208 68855
0.53 100000 85640 57330 99998 99998 99998 68606 68035 67690
0.54 100000 84509 55760 100000 99999 99998 67585 67018 66639
0.55 100000 83490 54205 99999 99998 99998 66649 66083 65736
0.56 100000 82522 52634 100000 100000 100000 65615 65021 64660
0.57 100000 81563 50870 99999 99998 99998 64611 63996 63569
0.58 100000 80263 49090 100000 100000 100000 63596 62975 62597
0.59 100000 79068 47255 99999 99999 99998 62662 62051 61651
0.6 100000 77945 45516 99997 99996 99995 61312 60712 60340
0.61 100000 76348 43638 99998 99998 99998 60462 59863 59455
0.62 100000 75075 41494 100000 100000 99999 59362 58772 58394
0.63 100000 73625 39415 99997 99996 99996 58089 57453 57043
0.64 100000 72216 37424 99996 99995 99995 57013 56405 55991
0.65 100000 70460 34986 99997 99994 99994 56191 55508 55093
0.66 100000 68770 32630 99997 99996 99995 55105 54444 54023
0.67 100000 66882 30433 99999 99998 99996 53777 53141 52700
0.68 100000 64791 27866 99997 99995 99994 52519 51903 51488
0.69 100000 63133 25731 99993 99993 99993 51829 51161 50743
0.7 100000 60848 23243 99995 99994 99994 50516 49812 49378
0.71 100000 58441 20489 99992 99989 99988 49098 48406 47913
0.72 100000 55953 17781 99996 99995 99995 48027 47387 46976
0.73 100000 53502 15372 99995 99994 99994 46932 46207 45754
0.74 100000 50538 12837 99991 99989 99985 45708 44960 44479
0.75 100000 47876 10301 99996 99996 99991 44737 43973 43494
0.76 100000 44505 7837 99992 99988 99987 43188 42496 42031
0.77 100000 41337 5872 99981 99979 99976 41978 41237 40749
0.78 100000 37668 3845 99993 99991 99990 40640 39866 39409
0.79 100000 34085 2208 99996 99994 99992 39466 38687 38212
0.8 100000 30543 1095 99989 99989 99984 38368 37603 37132
0.81 100000 26284 332 99991 99988 99981 36777 36008 35472
0.82 100000 22277 22 99988 99982 99974 35805 35001 34497
0.83 100000 18238 0 99986 99985 99940 34591 33825 33270
0.84 100000 13684 0 99987 99983 99891 33031 32146 31612
0.85 100000 9627 0 99984 99982 99775 31728 30880 30329
0.86 100000 5918 0 99981 99979 99578 30216 29310 28744
0.87 100000 2892 0 99984 99980 99172 28697 27844 27284
0.88 100000 957 0 99979 99970 98517 27491 26569 26024
0.89 100000 55 0 99988 99960 97301 26335 25465 24878
0.9 100000 0 0 99986 99902 94805 24641 23795 23190
0.91 100000 0 0 99982 99730 91113 23039 22103 21454
0.92 100000 0 0 99972 99218 86318 21292 20338 19683
0.93 100000 0 0 99978 97918 80366 19928 18945 18300
0.94 100000 0 0 99964 94269 72332 18341 17337 16682
0.95 100000 0 0 99973 87251 60982 16640 15572 14823
0.96 100000 0 0 99979 77029 44723 14639 13574 12750
0.97 100000 0 0 99971 59471 22236 13102 11943 10887
0.98 100000 0 0 99961 28967 906 11115 9658 7941
0.99 100000 0 0 99970 0 0 9245 5950 562
1.0 100000 0 0 99970 0 0 6959 0 0
