0.2 100000 99911 95386 100000 100000 100000 96846 96694 96613
0.21 100000 99904 95021 100000 100000 100000 96393 96240 96141
0.22 100000 99890 94774 100000 100000 100000 95999 95809 95692
0.23 100000 99865 94415 100000 100000 100000 95449 95296 95184
0.24 100000 99860 94370 100000 100000 100000 94934 94756 94640
0.25 100000 99837 93782 100000 100000 100000 94489 94311 94198
0.26 100000 99827 93626 100000 100000 100000 93899 93693 93580
0.27 100000 99790 93332 100000 100000 100000 93462 93267 93132
0.28 100000 99777 93052 100000 100000 100000 92729 92506 92377
0.29 100000 99734 92551 100000 100000 100000 92113 91861 91699
0.3 100000 99692 92251 100000 100000 100000 91897 91645 91497
0.31 100000 99688 91756 100000 100000 100000 90925 90669 90532
0.32 100000 99605 91393 100000 100000 100000 90324 90072 89916
0.33 100000 99629 91297 100000 100000 100000 89752 89509 89333
0.34 100000 99531 90714 100000 100000 100000 89269 89023 88846
0.35 100000 99455 90203 100000 100000 100000 88555 88276 88107
0.36 100000 99403 89903 100000 100000 100000 87700 87456 87280
0.37 100000 99342 89365 100000 100000 100000 87105 86818 86626
0.38 100000 99202 88920 100000 100000 100000 86476 86177 85966
0.39 100000 99116 88566 100000 100000 100000 85818 85517 85322
0.4 100000 98989 87956 100000 100000 100000 84949 84629 84452
0.41 100000 98869 87527 100000 100000 100000 84366 84087 83896
0.42 100000 98705 87062 100000 100000 100000 83722 83408 83204
0.43 100000 98388 86580 100000 100000 100000 82995 82660 82451
0.44 100000 98177 85911 100000 99999 99999 82216 81890 81686
0.45 100000 97881 85410 100000 100000 100000 81386 81055 80861
0.46 100000 97517 84894 100000 100000 100000 80677 80306 80073
0.47 100000 97152 84173 99999 99999 99999 79966 79623 79403
0.48 100000 96849 83640 100000 100000 99999 79050 78684 78443
0.49 100000 96322 82715 100000 100000 100000 78270 77918 77662
0.5 100000 95971 82343 99999 99999 99998 77642 77300 77051
0.51 100000 95568 81265 99998 99998 99998 76691 76339 76108
0.52 100000 95093 80732 99999 99999 99999 76064 75685 75439
0.53 100000 94747 79985 100000 100000 100000 74915 74517 74283
0.54 100000 94217 78882 100000 100000 100000 74078 73682 73416
0.55 100000 93530 78112 100000 99998 99998 73257 72858 72574
0.56 100000 93005 77066 100000 100000 100000 72345 71968 71697
0.57 100000 92546 76355 99999 99999 99999 71363 70962 70682
0.58 100000 91939 75628 99996 99995 99994 70605 70170 69886
0.59 100000 91355 74294 99999 99999 99999 69631 69197 68927
0.6 100000 90793 73358 99997 99996 99996 68874 68433 68162
0.61 100000 89914 71969 99997 99997 99997 67599 67146 66854
0.62 100000 89481 70675 99997 99997 99997 66402 65958 65677
0.63 100000 88531 69833 99999 99997 99996 65677 65207 64925
0.64 100000 87782 68210 99996 99994 99994 64790 64303 63987
0.65 100000 86837 66775 99998 99998 99998 63396 62917 62591
0.66 100000 85989 65219 99997 99995 99995 62725 62250 61943
0.67 100000 84862 63726 99992 99991 99990 61392 60889 60555
0.68 100000 84233 62336 99996 99993 99991 60316 59801 59498
0.69 100000 82779 60184 99994 99992 99989 59309 58796 58456
0.7 100000 81763 58183 99994 99993 99991 57902 57331 56975
0.71 100000 80811 56593 99987 99984 99984 57150 56641 56329
0.72 100000 79075 54254 99993 99991 99990 55707 55169 54815
0.73 100000 77696 51977 99994 99991 99988 54598 54072 53708
0.74 100000 76293 49637 99987 99984 99984 53138 52559 52175
0.75 100000 74660 47108 99989 99985 99983 51928 51338 50987
0.76 100000 72708 44366 99987 99985 99985 51106 50524 50125
0.77 100000 70805 41206 99988 99983 99983 49584 48989 48584
0.78 100000 68553 38092 99983 99979 99976 48351 47679 47282
0.79 100000 66496 34941 99985 99985 99984 47107 46481 46091
0.8 100000 63956 31222 99987 99985 99982 45640 44990 44588
0.81 100000 60819 27572 99985 99982 99978 44124 43475 43024
0.82 100000 57928 23453 99987 99987 99983 42654 41970 41491
0.83 100000 54483 18972 99984 99980 99974 41076 40331 39895
0.84 100000 50655 14835 99971 99969 99953 39913 39129 38654
0.85 100000 46247 10518 99985 99980 99958 37845 37076 36600
0.86 100000 41518 6226 99978 99970 99923 36343 35534 35062
0.87 100000 36403 2571 99976 99971 99859 34308 33557 33059
0.88 100000 30447 266 99967 99965 99755 32660 31853 31330
0.89 100000 23948 0 99978 99968 99445 30878 29984 29468
0.9 100000 16791 0 99971 99960 98984 28748 27850 27281
0.91 100000 9970 0 99969 99934 97464 27175 26275 25679
0.92 100000 3318 0 99972 99875 95291 24887 23972 23313
0.93 100000 0 0 99959 99624 92058 22640 21658 20994
0.94 100000 0 0 99962 98819 87941 20401 19367 18632
0.95 100000 0 0 99954 95553 81792 18023 16892 16113
0.96 100000 0 0 99952 90307 72851 15360 14157 13278
0.97 100000 0 0 99958 81188 58069 12494 11111 10116
0.98 100000 0 0 99968 62630 30337 8928 7464 6415
0.99 100000 0 0 99961 15669 0 5471 3585 2198
1.0 100000 0 0 99949 0 0 179 0 0
